,name,gender
4,faijina,0
7,manash,1
24,noorpa,0
33,satyawan,1
36,smt.pinky,0
45,krisana,1
46,chitranjan,1
47,alijan,1
48,kushma,0
49,dhanwati,0
61,husina,0
65,firida,0
78,umanath,1
83,shakun,0
94,rinke,0
101,pabitra,1
106,jhora,0
109,ibraheem,1
115,taar,1
122,tilakraj,1
128,yogeshwar,1
130,puswa,1
133,munbura,0
156,yasar,1
158,hasmita,0
160,mahfuj,1
162,pankajsheel,1
169,para,0
172,balam,1
177,ramdevi,0
180,benu,1
181,pammy,0
188,rosanjahan,0
203,taleem,1
218,panchoo,0
228,asmat,0
230,khangara,1
233,radhadalal,0
254,hamida,0
256,suchit,1
267,sunali,0
273,manda,0
280,smt.ranni,0
282,surjiya,0
288,satu,1
298,alma,0
307,karmi,0
316,meesh,0
320,sahbuddin,1
329,haneef,1
343,abhishiek,1
346,gila,0
354,akaash,1
357,somdevi,0
361,dukhi,1
365,atta,0
370,jamuna,0
371,nasruddin,1
373,kushagra,0
391,rakki,0
394,goopi,1
400,bittan,1
406,janesh,1
422,dilkhush,0
428,satayanarayan,1
431,aesha,0
434,sukhmit,1
437,sanjan,0
444,nabi,1
455,neki,1
456,sitare,1
466,hrithik,1
472,parash,1
473,arindom,1
476,ku-pooja,0
477,sharuna,0
499,sejan,0
500,fazaz,1
510,sushail,1
517,abu,1
519,shoan,1
525,shrinath,1
532,lakky,1
534,muskarn,0
548,haridutt,1
556,rahila,0
557,kushumlata,0
559,km.deyji,1
568,trepti,0
585,jatinder,0
587,parshotam,1
601,ahamad,1
608,smt.nosar,0
612,midda,1
621,md.badrealam,1
626,saeshta,0
645,sano,0
650,shi8vprakash,1
652,chango,0
666,ravinda,0
678,bhudev,1
689,rosy,0
692,moham,1
702,akbari,0
703,englas,0
705,shashwat,1
708,aajiv,1
709,pareeti,0
710,baleshwer,1
718,harana,0
722,nirvat,0
734,annavi,0
737,jhagdoo,1
743,rafal,1
750,sarfaraj,1
759,misri,1
763,nakul,1
765,snah,0
769,premla,0
771,ruksin,0
793,bhagwat,1
797,ashmin,0
798,geernish,1
801,jubed,1
805,kajar,0
809,safiq,1
811,sarves,1
819,baliya,0
828,nawal,1
830,bhup,1
848,harak,1
851,laliya,1
852,jayda,0
870,jewa,0
872,khairu,0
885,visvajeet,1
889,alhamdi,0
890,shma,0
891,aansi,0
902,pooga,0
912,aakib,1
913,babul,1
916,umedi,0
918,nandkishore,1
931,dauji,1
937,sukumar,1
940,saana,0
947,manju@,0
953,raisingh,1
954,vakeel,1
966,hafsa,0
967,choturam,1
968,mmta,0
973,sera,0
982,hashrat,1
995,mohhmad,1
1010,dimpu,1
1012,durgash,0
1013,kushamvir,0
1018,faroj,1
1023,mamtha,0
1029,khubi,1
1030,kamrulnisha,0
1046,sheensar,0
1059,rencho,0
1060,sudhata,0
1074,indta,0
1084,zeshan,1
1090,kaushal@lala,1
1094,lasar,1
1099,jeta,0
1108,megraaj,1
1109,kesavi,0
1114,rukhar,0
1122,bhure,1
1125,kailaki,0
1126,knheyalal,1
1128,hanumanram,1
1146,radat,1
1171,khubchand,1
1179,dropati,0
1180,smt.parwati,0
1189,bram,1
1195,sameeruddin,1
1198,akif,1
1213,ajima,0
1226,rajenderi,0
1237,maksood,1
1239,mony,0
1244,brkha,0
1262,ranjnika,0
1278,raisuddin,1
1280,suhel,1
1282,lajjavati,0
1285,amena,0
1287,asho,0
1302,parjinder,1
1306,yogendr,1
1318,hazara,0
1323,lekhram,1
1325,bhavishy,1
1331,chandeshwar,1
1338,gawali,1
1345,evan,0
1346,sanu,1
1349,smt.sabita,0
1353,urwashi,0
1359,gotiya,0
1364,shirishty,0
1374,amrooti,0
1377,pardeshi,1
1391,shadhik,1
1394,kehkasha,0
1403,rati,1
1415,ramjanki,0
1416,maryam,1
1420,tejvir,1
1425,swadhin,1
1426,samundri,0
1436,nenhe,1
1442,udmai,1
1449,smh.sugana,0
1455,annu@anil,1
1461,valentina,0
1466,kaifiya,0
1492,akib,1
1497,hanny,1
1499,bilke,0
1504,yashdhra,0
1509,salima,0
1510,maigo,0
1512,bavita,0
1518,rasida,0
1522,prezi,0
1535,lalmuni,0
1539,anoopama,0
1544,yaman,1
1554,salu,0
1555,mh,1
1570,rookmani,1
1575,son,1
1576,aamosh,1
1581,deni,1
1583,ishwer,1
1585,suhana,0
1588,lav,1
1594,ramba,0
1610,katyayani,0
1615,bhagirathi,0
1631,amarchand,1
1650,faraheen,0
1667,noshad,1
1668,gopesh,1
1672,manku,1
1673,farjand,1
1674,constable,1
1685,isika,0
1687,zamile,1
1688,kaamini,0
1696,rony,1
1704,bato,0
1708,allauddin,1
1709,sarwitavm,0
1715,susri,0
1726,dharmandra,1
1727,shivji,1
1732,faqir,1
1735,sablu,1
1746,sahnawaz,1
1757,parsanjeet,1
1760,raud,1
1761,kaval,1
1778,mantasha,0
1783,"amit,",1
1784,rupanjali,0
1786,batasi,0
1794,bhani,1
1795,sidarth,1
1811,sahun,1
1817,naveena,0
1820,bakila,0
1832,danveer,1
1836,jauli,1
1838,nagaji,1
1840,rambhul,1
1841,chhotudevi,0
1849,mohni,0
1858,sayda,0
1861,afridi,1
1875,tarjan,1
1883,suwadhin,1
1884,gurprit,1
1893,zareena,0
1895,sarip,1
1899,batul,0
1902,novisha,0
1905,javade,0
1907,deepnarayan,1
1919,bhagipuri,1
1921,father,0
1925,kamraan,1
1934,shabnur,0
1948,mabiya,0
1953,himanshee,0
1955,spana,0
1962,agrej,1
1974,inayat,1
1987,sidhrath,1
1989,jagrti,0
1999,wiliyam,1
2007,dipu,1
2014,nazmin,0
2024,sosari,0
2035,khshbu,0
2036,sawtri,0
2039,akil,1
2040,shahnaza,0
2044,sevak,1
2049,sabhya,0
2052,aswin,1
2059,rahul@akash,1
2060,golu@,1
2061,mookan,1
2067,sohib,1
2079,pallawi,0
2088,amarvesh,1
2092,maisan,1
2104,chhedilal,1
2129,dasharath,1
2138,palaram,1
2142,gulnaza,0
2144,usmaan,1
2162,aastha,0
2180,aruni,0
2181,nigar,0
2183,istikar,1
2191,laldhari,1
2195,nasrudeen,1
2222,bake,1
2223,istyak,1
2232,hemant@teeku,1
2233,same,1
2244,ramaiya,0
2249,affan,1
2255,khokan,1
2259,senthia,0
2263,nakched,1
2267,premjit,0
2279,imam,1
2287,sunena,0
2299,garib,1
2306,mogli,1
2310,jankidas,1
2325,dhrmveer,1
2333,puspak,1
2340,danwati,0
2342,muskhan,0
2350,birij,1
2355,sheh,1
2356,smt.kalawati,0
2373,neela,0
2383,mantosh,1
2390,gandharv,1
2404,manver,1
2407,bandani,0
2409,jafar,1
2428,mujeeb,1
2430,girja,0
2431,bashudev,1
2445,joohi,0
2450,jaimata,0
2455,mukiman,0
2458,jisan,1
2462,pooja/varsha,0
2463,mahinudin,1
2476,seti,1
2482,noornabi,1
2488,michael,1
2492,bapu,1
2493,nashrin,0
2499,rimzim,0
2507,asrf,1
2511,shatish,1
2512,vajid,1
2527,bhupen,1
2531,mohatter,1
2537,long,0
2540,jeevanlata,0
2550,satnosh,1
2552,ikramuddin,1
2559,a.,1
2562,sushhmita,0
2568,saroja,0
2575,mandan,1
2579,bhismpal,1
2581,tabbwum,0
2585,laja,0
2592,afarin,0
2599,sahbaj,1
2606,sajruddin,1
2615,dhermendra,1
2616,aayana,0
2628,justin,1
2637,pancu,1
2660,kulbir,1
2668,bishesh,1
2680,cheete,1
2681,naroo,1
2693,bantu,0
2694,wiresh,1
2696,anusoya,0
2703,shokesh,1
2704,bharma,1
2705,teja,0
2709,satyvati,0
2712,deepaak,1
2717,shayma,0
2723,rimpi,0
2724,munnakumar,1
2727,mubshshira,0
2741,parashu,1
2742,farhaja,0
2750,beera,0
2762,nashimuddin,1
2769,nikhad,0
2787,shivkumari,0
2799,kunj,1
2807,afsari,0
2810,mansharam,1
2817,arbaz,1
2827,wilkish,0
2834,rahnuma,0
2840,anshuman,1
2845,ravena,0
2853,saud,1
2864,shishul,1
2881,tirath,1
2889,roopam,0
2898,satosh,0
2905,hanshraj,1
2907,devanti,0
2914,ayasha,0
2918,dila,0
2919,soam,0
2927,khushbari@,0
2935,bupal,1
2936,gursimaran,1
2946,udita,0
2947,shri.,0
2948,firoza,0
2949,ikbal,1
2953,handu,1
2958,sabbar@,1
2959,sahi,1
2969,subhodh,1
2974,vikaram,1
2977,tilk,1
2979,omi,1
2982,rihal,1
2985,neemi,0
2996,noorjama,1
2997,poshetty,1
2998,naraini,0
3005,toshar,1
3007,saridevi,0
3011,abhisekh,1
3019,captain,0
3020,nafe,1
3026,hera,1
3027,najo,0
3030,jhuhi,0
3031,sakhichander,1
3042,sagiran,0
3048,swarn,1
3049,sirish,0
3056,santrm,1
3059,panchu,0
3062,shaving,0
3063,wajuddin,1
3064,deerendra,1
3065,vasa,1
3069,vandhna,0
3075,rubiya,0
3078,jalmi,1
3082,hini,0
3083,manit,1
3097,manbai,0
3099,ameera,0
3100,devendr,1
3111,kavilash,1
3115,sharmistha,0
3118,keshri,1
3122,udaiy,1
3129,majunew,1
3133,emilia,1
3139,masheen,1
3149,guddiya,0
3156,rebecca,0
3164,girijarani,0
3165,chaturbhuj,1
3169,binpal,1
3186,kela,0
3192,sandhaya,1
3198,prati,0
3203,devideen,0
3206,sarjaha,0
3223,seweta,0
3243,santo,0
3250,biru,1
3251,pakhali,0
3264,amrat,0
3274,shamshudin,1
3285,sainky,1
3290,ujjwal,1
3291,rooshi,0
3301,ramgopal,1
3303,balkishan,1
3308,narendar,1
3313,anandu,1
3315,janta,1
3316,nur,1
3328,ramniwasj,1
3331,grace,0
3338,hoor,0
3348,mohanram,1
3363,kayamuddin,1
3374,sukjveer,1
3385,amuchla,1
3395,saista,0
3397,ramsewak,1
3409,damodar,1
3421,narsa,1
3423,pitar,1
3434,biwa,0
3438,mangta,1
3439,mehru,0
3441,tasnim,0
3446,navendra,1
3500,pragati,0
3510,vrendra,1
3511,chatan,1
3512,kuldeel,1
3514,samay,1
3530,kanahiya,1
3538,shyoram,1
3563,sharjprit,0
3571,husain,1
3574,ajju,0
3592,deepka,0
3593,umesha,0
3600,deou,0
3605,vedh,1
3607,surindera,1
3609,kelama,0
3611,rishaw,1
3621,jasmen,0
3651,punarjyoti,1
3670,najreen,0
3673,panmati,0
3720,nishtha,0
3724,dashrath,1
3746,bhanmati,0
3761,akkni,1
3785,sudhdev,1
3789,kaleem,1
3791,harman,1
3797,tapender,1
3800,anjeev,1
3801,ashwani@manish,1
3815,jasleen,0
3823,motilal,1
3826,shushil,1
3838,jhanjhariya,0
3841,dulichand,1
3842,anadi,0
3843,revakshi,0
3852,harnam,1
3853,rosina,0
3868,mukat,1
3869,rupendra,1
3889,baijnath,1
3893,kabir,1
3898,dharmendera,1
3900,reka,0
3901,vinna,0
3909,geetika,0
3913,rasmi,0
3924,laddha,1
3938,najubai,1
3948,dishad,1
3961,deba,1
3967,kapiil,1
3969,gomti,1
3996,atu,1
4005,rainu,0
4008,upendra,1
4018,bhimsen,1
4020,bhiki,0
4027,chhotelal,1
4029,rachpreet,0
4036,mahvish,0
4047,nooralha,1
4055,gd,1
4056,dhakhadevi,0
4057,sohanpal,1
4064,incee,0
4074,gulfsal,0
4088,akilesh,1
4096,jitu@jitendra,1
4111,sabhana,0
4123,samar,1
4130,ashshwer,1
4133,mehandi,1
4141,jasmeet,0
4153,kirashan,1
4156,kauslender,1
4168,shkundla,0
4185,yasib,1
4187,hiramani,1
4190,diwakar,1
4197,smt.saroj,0
4201,kushumavati,0
4203,puspha,0
4215,nida,0
4221,kashis,0
4226,satynarayan,1
4237,sahar,0
4241,mushrraf,1
4245,ibraham,1
4252,chootu,1
4270,omeshkumar,1
4271,ravi@,1
4285,mohd.mujefir,1
4294,subhod,1
4296,rajl,0
4309,ganpatram,1
4312,abhaysingh,1
4318,chotibai,0
4322,kushmita,0
4341,punia,1
4344,promila,0
4350,shashai,1
4355,fakrrudeen,1
4360,rizwaan,1
4367,badami,0
4401,ramavtar,1
4405,mishbha,0
4407,sngeeta,0
4409,mustkim,1
4410,nafisa,0
4425,bhupendar,1
4431,sabna,0
4435,satan,1
4436,birmadevi,0
4441,narbda,0
4443,jagtar,1
4456,janak,1
4459,fara,0
4460,sanand,1
4470,prithvi,1
4473,sukhvir,0
4474,khasbhoo,0
4489,satwinder,0
4498,salini,0
4511,karima,0
4513,hemanshu,1
4520,basibul,1
4523,savia,0
4525,numesh,1
4528,sumoranjam,1
4534,kasid,1
4535,saizad,1
4541,bachu,1
4542,meenaxi,0
4544,mangol,1
4564,jisaan,1
4567,chandermani,1
4572,sadod,1
4575,rma,1
4578,sadabrij,1
4579,sarangthem,0
4588,shakutal,0
4596,mangeram,1
4605,pitika,0
4614,smt.anta,0
4619,chama,0
4632,foola,0
4635,klash,1
4637,shilly,0
4639,arzoo,0
4640,supna,0
4642,kalavati,0
4648,krishna@manisha,0
4650,atiq,0
4666,velaram,1
4674,bhavuk,1
4678,tinvkal,0
4686,doulat,1
4692,mairy,0
4705,jgdish,1
4719,mahbub,1
4748,jhingi,0
4750,sharad,1
4752,bhalaram,1
4766,jite,1
4768,afshar,1
4770,dishant,1
4775,phoolmani,0
4781,jaitun,0
4782,safina,0
4789,umasankar,1
4793,muskan@ruksher,0
4795,rozina,0
4810,monu@,1
4816,umma,0
4818,chitro,0
4836,yashbir,1
4841,saveena,0
4846,rukhsna,0
4851,maujim,1
4858,busra,0
4878,rakhee,0
4879,devilal,1
4884,nanka,1
4888,kritika@kittu,0
4902,hajrati,0
4914,pujja,1
4919,joga,0
4929,dilvar,1
4934,bahnu,0
4976,chorag,1
4978,chertamani,1
4999,palvinder,0
5015,murshida,0
5025,parshant,1
5041,smt.sehran,0
5053,gilbahar,0
5059,arbaj,1
5077,jit,1
5078,preena,0
5084,shukveer,1
5090,vithal,1
5091,chanchl,0
5095,goruav,1
5102,shvani,0
5133,randheer,1
5137,kirorimal,1
5143,ruckmani,0
5151,latoor,1
5157,akeel,1
5171,dolley,0
5176,azam,1
5180,radhesayam,1
5183,beeram,1
5190,shadhna,0
5199,saad,1
5207,mahveer,1
5209,mema,0
5216,mammta,0
5220,khamchand,1
5222,tausin,1
5224,kumud,0
5240,kalpadma,1
5241,ratmo,0
5242,barj,1
5246,kisori,1
5255,aarifa,0
5257,atish,1
5266,jhagdu,1
5274,binja,1
5275,dhana,0
5283,aalina,0
5286,kesav,1
5292,laxmanram,1
5296,klu,0
5297,su.shree,0
5299,prameshwar,1
5300,gango,0
5306,kuparth,1
5311,satyvrat,1
5314,mahlikka,0
5316,shayampuri,1
5318,vanshika,0
5320,shazida,0
5322,harbas,0
5332,chran,1
5346,rajeshwar@moni,1
5348,sagira,0
5368,waheeda,0
5379,zuveb,1
5389,saida,0
5392,rekhai,1
5393,sonyi,0
5412,nurbi,0
5420,samoti,0
5422,janam,0
5430,pukharam,1
5434,badrulla,1
5442,shivangi,0
5453,anjal,0
5463,bagdai,0
5470,saruf,1
5474,jenny,0
5477,sunarki,0
5480,gantantra,1
5482,agyapad,1
5492,suganti,0
5509,gur,1
5511,sidhi,0
5517,manvir,1
5520,lavkush,1
5521,safe,1
5522,omveer,1
5526,nini,0
5535,ramvir,1
5537,ashsish,1
5540,chanderkali,0
5557,laukush,1
5565,davinder,1
5568,ed,1
5583,mitnu,1
5592,ghisaram,1
5594,samiron,0
5604,sarbash,1
5621,balbeer,1
5633,tuba,0
5654,hament,1
5660,jagmal,1
5667,piyus,1
5679,israr,1
5680,shaloo,0
5681,jayuti,0
5695,saalu,0
5698,sharanjeet,1
5700,pryanika,0
5703,kamlash,0
5708,umme,0
5723,savrin,0
5736,sanjai,1
5743,tharu,1
5759,kaushaliya,0
5764,jitender@jita,1
5766,bhteri,0
5772,ajnabi,0
5779,salesh,1
5781,bohati,0
5794,binani,1
5817,kumod,1
5819,mh.,1
5823,hyatun,0
5835,sila,0
5847,gendu,0
5848,kismat/,0
5857,rajrani,0
5866,saimun,0
5867,mandothi,0
5887,yuvraj,1
5893,sagrika,0
5899,shayna,0
5904,makbul,1
5905,nanhu,1
5909,iesha,0
5918,razni,0
5920,for,1
5932,leelu,1
5943,bushara,0
5956,ruhhena,0
5957,ruppa,0
5961,tarnum,0
5968,sehzada,1
5979,kachri,0
5984,saranjeet,1
5985,imsaan,1
5987,shmejha,0
5989,tisar,1
5993,mustki,0
5995,buddha,1
5998,brinda,0
6002,anara,0
6007,ramsingh,1
6008,kunwar,1
6019,rachna(with,0
6022,shravani,0
6024,bholaram,1
6027,veepinchand,1
6031,rajmani,1
6033,amritha,0
6035,magat,1
6044,samiksa,0
6048,lakhraj,1
6058,panaj,1
6096,mehwish,0
6114,sofali,1
6119,ankur@,1
6122,chhagan,1
6133,tehmina,0
6137,avneet,0
6146,sarvash,1
6148,savreen,0
6149,sarojini,0
6153,hazu,0
6154,sugai,1
6160,ansul,1
6165,rampher,1
6172,susma,0
6185,asiwani,1
6190,vinos,1
6194,mandi,0
6203,ku.swati,0
6211,samon,1
6217,patender,1
6219,shiba,0
6230,munnadevi,0
6234,pree,0
6245,gurubaksh,1
6248,majoo,0
6249,gulashan,1
6253,shaulal,1
6258,shine,0
6269,jiwan,1
6281,tapsam,0
6293,aisha,0
6294,sok.,1
6317,osier,1
6318,rinkal,1
6324,sidharath,1
6334,ompal,1
6336,chhinderpal,1
6351,kaari,1
6354,mjudi,0
6371,joyate,0
6375,sharinimle,0
6380,alok@mona,0
6383,parsant,1
6387,chela,1
6406,emran,1
6420,rennu,0
6424,bhrkat,1
6428,istkhar,1
6444,tiwankle,0
6447,raghuvir,1
6480,deeksha,0
6499,islamuddin,1
6500,silvia,0
6501,sabana@moni,0
6509,chosh,1
6512,sodan,1
6520,chitprit,1
6527,spna,0
6530,narender@narender,1
6532,suhsmita,0
6534,samman,0
6538,v.r.thomas,1
6541,araslan,1
6553,rafi,1
6556,samaiali,0
6567,nirja,0
6568,muni,0
6580,ashak,1
6588,sabi,1
6591,dhurpati,1
6593,pramal,1
6594,bhawan,1
6595,fuljhadi,0
6597,avadh,1
6599,aditiya,1
6614,maniram,1
6623,aishe,0
6626,shanno,0
6627,batloon,0
6637,jhuma,0
6642,navleen,0
6645,thakur,1
6646,sawrn,1
6661,diti,0
6662,saveta,0
6674,pawna,1
6678,tohid,1
6682,gattu,0
6683,vashila,0
6698,modh.,1
6699,ramkumari,1
6705,prashanat,1
6707,lukkad,1
6716,bhoopsingh,1
6736,kesri,1
6738,madhan,1
6741,pardhuman,1
6764,gulpacha,0
6774,asiya,0
6776,bhakuni,0
6778,bilkis,0
6780,gaurav@,1
6782,yespal,1
6788,hamza,1
6810,rudmal,1
6811,mhega,0
6814,saahin,0
6820,toni@punit,1
6821,aakar,1
6835,khushnudi,0
6862,shabuddin,1
6866,durg,1
6873,nanshi,0
6877,shrawan,1
6880,meer,1
6884,gutam,1
6890,bodh,1
6904,darshna,0
6905,albina,0
6917,fooljhnah,0
6919,mehphal,1
6924,mum,1
6927,anuja,0
6929,iklakh,1
6936,matok,1
6966,gajraj,1
6968,tepu,1
6973,nishant@,1
6983,shefali,0
6987,anjara,0
6989,nishar,0
7001,keta,0
7004,sohi,0
7006,rakeeba,0
7010,pervinder,1
7014,dhrambir,1
7037,noomi,0
7040,harry,0
7049,yognder,1
7053,kasish,0
7054,daman,1
7066,senser,1
7073,vinod@badri,1
7079,vaishanvi,0
7080,goldan,0
7083,smt.khasti,0
7093,ashfaq,1
7094,narpendra,1
7098,shahina,0
7103,jebi,0
7110,mudsay,0
7111,manojkumar,1
7115,wareesha,0
7119,birtha,0
7120,alkesh,0
7123,jeeth,1
7132,ranjay,1
7138,kauva,1
7142,puspa&,0
7161,rambhajan,1
7171,chandar,1
7172,suchitra,0
7178,abash,1
7189,lakshit,1
7203,chandracala,0
7215,nikil,0
7222,chettan,1
7223,shi,1
7224,baggusingh,1
7227,mashli,0
7229,kushbu,0
7236,mohd.kudtusu,1
7247,jassi,0
7251,veera,0
7254,moh.javed,1
7256,kawa,1
7267,bhanweri,0
7276,sauhal,1
7279,safila,0
7280,jashinal,0
7299,adi,1
7300,rishiraj,1
7301,surgayan,1
7305,prabhjit,1
7315,sitender,1
7346,ghaseeta,1
7351,srishty,0
7357,pratap,1
7368,mandvi,0
7373,job,1
7380,sahdab,1
7392,huseni,0
7395,teekam,1
7397,shadik,1
7409,sahrukh,1
7420,lakhua,1
7431,roshanlal,1
7446,sulender,1
7462,oma,0
7473,mesak,1
7474,choga,1
7477,sriniwash,1
7498,ashnu,0
7510,sunaki,0
7513,lakhami,1
7532,gyandeep,1
7533,shahnabaz,1
7535,mahfooj,1
7540,shiena,0
7544,chamanlal,1
7570,chaterpal,1
7594,anikt,1
7596,halki,0
7603,sitra,0
7608,popinder,1
7626,hazi,1
7653,alahbasri,0
7659,puranmal,1
7661,jahani,0
7669,aatam,1
7686,rahi@,0
7689,satyavati,0
7696,kripya,0
7704,sajana,0
7720,viraj,1
7735,gurmel,0
7737,lave,1
7741,ekata,0
7746,ruzina,0
7753,pokhar,1
7760,youraj,1
7762,sabreen,0
7764,vasuki,1
7766,manno,0
7778,dorilal,1
7784,banu,0
7794,raspal,1
7804,paul,1
7806,ruhi,0
7810,lavi,0
7814,mishrilaal,1
7815,bikki,1
7821,indernath,1
7830,khumlo,0
7831,aparna,0
7844,utpana,0
7856,farukh,1
7873,jon,1
7889,khima,0
7894,ankaj,1
7895,zoya,0
7897,subhdra,0
7902,vicakha,0
7905,rohaan,1
7910,dhawal,1
7914,nooruddin,1
7915,dhanpati,0
7924,vesali,0
7926,reekha,0
7927,veepal,1
7929,diljan,1
7931,najar,1
7936,amol,1
7942,saveroon,0
7954,sadiya,0
7960,beenu,1
7977,gulsan,0
7998,susanto,1
8016,mihir,1
8024,nana,0
8028,nanku,1
8034,vironika,0
8037,mulina,0
8040,roshanara,0
8047,taramati,0
8053,sehbaj,1
8078,sarif,1
8085,wakar,1
8087,kuwar,1
8094,sudhanshu,1
8106,shela,0
8121,susmata,1
8124,bhan,1
8127,bishana,1
8146,deepi,1
8149,nathulal,1
8151,shokat,1
8165,papiya,0
8169,dd,1
8174,islamudin,1
8175,lakshaya,1
8199,arindra,1
8201,kalwati,0
8220,shadiya,0
8233,vilram,1
8251,robert,1
8258,trilochan,1
8259,fauji,0
8261,prmod,1
8264,josin,1
8273,omparkesh,1
8275,alish,0
8282,umrawti,0
8283,shabra,0
8299,ish,1
8301,vishamitra,1
8324,maksud,1
8347,rambarose,1
8348,rayish,1
8357,anjali@rinku,0
8383,rajam,1
8388,navnit,1
8389,mujibu,1
8412,sahabudeen,1
8418,abha,0
8419,manowar,1
8428,susmita,0
8431,sahawaj,0
8440,reetima,0
8446,juneb,0
8450,mena,0
8458,kalua,1
8459,amzad,1
8460,samvedna,0
8476,tohseeem,1
8482,himashu,1
8484,dhaney,1
8485,sajda,0
8491,bigan,0
8500,mustak,1
8508,sotaj,1
8510,amlesh,1
8513,pushpan,0
8517,shakshi@,0
8541,khubhu,0
8551,yusaf,1
8568,samser,1
8571,dabbu,1
8572,lok,1
8573,hasibul,1
8585,shyamvati,0
8593,mamt,0
8596,gurucharan,1
8601,pemaram,1
8612,ratneswar,1
8622,hariesh,1
8633,meeramai,0
8634,vedanand,1
8638,bipin,1
8643,yusuf,1
8666,dilshadi,0
8674,tribavan,1
8675,yashsvi,0
8688,rahimun,0
8703,adesh,1
8707,dhrampal,1
8709,minkashi,0
8731,aadish,1
8736,kumresh,1
8738,hardev,1
8739,ballu,1
8744,sidheswar,1
8755,jamee,0
8759,jugani,0
8770,shaid,1
8787,bhagya,0
8800,banju,1
8801,soba,0
8811,reeti,0
8813,rucksana,0
8822,sufian,1
8839,irtu,0
8841,durgawati,0
8845,tekchand,1
8848,libin,1
8856,mohd.javed,1
8874,sarshwati,0
8876,smriti,0
8882,wasimuddin,1
8884,sabila,0
8885,pushpanjali,0
8895,shankar@,1
8899,tavvasum,0
8904,jitendera,1
8926,ritunjay,1
8943,tabwsum,0
8948,jioty,0
8959,sawarmal,1
8963,pahalwan,1
8965,mahroj,1
8973,hasbul,0
8974,sinaa,0
8976,radhamohan,1
8983,rajider,1
8987,batu@,1
8988,nandram,1
8992,karim,1
9003,mohabbat,1
9009,nano,0
9017,susant,1
9025,molu,1
9030,jadu,1
9041,rahis,1
9051,viplo,1
9062,shahzad,1
9073,mehib,1
9082,sayari,0
9120,isthar,1
9122,jubaira,0
9127,sabbu,1
9142,sosan,0
9146,"smt,",0
9169,minka,0
9174,priyaka,0
9177,gulsha,0
9183,banwarilal,1
9184,hasibullah,0
9189,rajkaranta,0
9193,mem,0
9201,faim,1
9218,keshave,1
9228,kosylaya,0
9236,nachita,0
9240,mehvish,0
9248,salmi,0
9263,monu@arun,1
9274,kailashi,0
9278,pavi,0
9285,julekha,0
9287,abishak,1
9294,rini,0
9306,noora,1
9311,tashkkur,0
9316,husno,0
9317,vindeshver,1
9318,gambhir,0
9327,gaitri,0
9329,tohir,1
9337,kaloo,1
9343,upasana,0
9351,sukenta,0
9355,ruji,0
9368,roopsingh,1
9369,aajad,1
9377,dhukhu,1
9382,homa,1
9383,depander,1
9386,chanderbal,1
9394,bhundki,0
9396,abbal,1
9400,darshana,0
9405,yaksh,1
9421,mangat,1
9423,asrani,0
9439,dhananjai,1
9442,rajeshvr,1
9444,amreek,1
9445,warmati,1
9465,prshant,1
9468,vidyadatt,1
9469,najimuddin,1
9472,sandiya,0
9473,partul,1
9484,sayeri,0
9492,mmt.,0
9497,sandna,0
9498,hosiyarilal,1
9503,nawed,1
9504,minakxi,0
9506,nibha,0
9511,nishal,1
9513,sandeepa,0
9520,gajana,0
9541,jaga,1
9554,neesa,0
9556,kadu,0
9558,budhu,1
9560,pritee,0
9563,zahira,0
9568,tavraj,1
9576,patric,1
9578,asagar,1
9582,sanha,0
9583,swetna,0
9588,moolchul,1
9590,phoolla,0
9599,omender,1
9604,prabhatyashi,1
9606,tasbiha,0
9625,jhansi,0
9630,sardeep,1
9640,bannu,1
9646,faiyaaz,1
9650,lukman,1
9655,akshita,0
9663,mamraj,1
9679,nahani,0
9683,sabbab,1
9690,smt.asha,0
9697,dharmendr,1
9708,bhanumati,0
9712,kamta,0
9716,bhajandeep,1
9723,jatan,1
9724,janardam,1
9731,areen,0
9738,rambiri,0
9746,hemanti,0
9748,jafrin,0
9763,pragti,0
9772,dheerendra,1
9774,raisha,0
9776,bhuvneshwar,1
9779,faizur,1
9782,hanish,1
9787,trannum,0
9806,fakir,1
9807,nimmy,0
9824,yamuna,0
9842,surendr,1
9864,mankuri,0
9869,jaykumar,1
9871,maheshar,0
9883,harmani,1
9886,khush,0
9887,himmat,1
9911,lakhya,0
9936,manali,0
9945,su.shree.,0
9946,kasumbi,0
9948,sahajad,1
9956,pawansingh,1
9957,husainpreet,0
9960,suma,0
9966,madanlal,1
9978,yaqub,1
9981,ujjair,1
9983,anuu,0
9997,kooki,0
9999,saiyada,0
10002,amarmula,0
10031,baliram,1
10057,shqakuntla,0
10058,kishana,0
10066,bhartendu,1
10069,dr,1
10078,amiraka,0
10080,mayak,1
10089,wazid,1
10095,janmesh,1
10103,girwer,1
10110,shubhm,1
10112,resmi,0
10114,babby,0
10127,sohal,1
10130,kadir,1
10136,julfikaar,1
10139,faizudeen,1
10143,farhanaz,0
10145,jantarpal,1
10149,chhanya,0
10151,kunda,1
10152,albaksha,1
10171,nicharon,0
10182,barham,1
10187,meetu,0
10199,kirshanpal,1
10201,anaro,0
10223,shagufta@munny,0
10229,sam,1
10236,asi,1
10239,suchi,0
10251,mangelal,1
10258,dixya,0
10280,shailender,1
10305,parteek,1
10307,zainab,0
10308,bahwana,0
10310,neeshu,1
10313,mokida,1
10324,menpal,1
10325,shyamveer,1
10347,sugodh,1
10349,shanwaj,1
10361,mohd.afzal,1
10379,nasrul,1
10382,navjat,0
10385,pareen,1
10388,varsh,0
10397,duni,1
10410,jigar,1
10419,dakch,1
10429,surender@mannu,1
10437,harjit,0
10441,master,1
10457,bundhu,1
10480,pandu,1
10491,saku,0
10500,khurshid,1
10501,sabeeha,0
10503,ganesi,0
10505,pavitra,0
10507,ajim,1
10520,shyan,1
10522,moka,0
10530,akhalak,1
10531,awdesh,1
10542,sattu,0
10549,sahina,0
10551,lakhamichand,1
10569,ankesh,1
10573,firtu,1
10576,aravind,1
10577,mosmi,0
10584,seva,0
10594,munkad,1
10610,bulet,1
10614,sawatri,0
10617,sohanlal,1
10620,khushnasiba,0
10625,moshad,1
10629,sarabjit,0
10632,sntosh,0
10641,sakcham,1
10645,bhotra,1
10647,mahindra,1
10649,vakesh,1
10652,aazadi@jully,0
10656,aktri,0
10668,fakiha,0
10669,nazirul,1
10671,parhalad,1
10672,aanamika,0
10677,madhubala,0
10681,archan,0
10684,rabita,0
10691,mansa,0
10697,rumal,0
10703,shun,0
10737,alaudin,1
10740,tundiram,1
10742,gurudut,1
10745,zanmi,1
10747,chhidu,1
10751,safika,0
10765,karshma,0
10772,tikaram,1
10775,risiraj,1
10779,dipanshi,0
10796,vihsal,1
10808,virnit,1
10816,arunkumar,1
10822,amber,1
10825,kale,1
10826,sahadeb,1
10837,shadhana,0
10839,noorin,0
10844,sehboob,1
10845,kuso,0
10852,dama,1
10855,amarnath,1
10858,sukhpreeet,0
10868,satwanti,0
10869,deepender,1
10880,ratnesh,1
10890,bidur,1
10895,istyara,1
10902,pyarelal,1
10904,ankit@udai,1
10908,dilbar,1
10915,monny,0
10928,gugna,1
10952,vishva,1
10958,ilayat,1
10966,khushnaseeb,1
10979,hareshwar,1
10984,achin,1
10993,chanderkala,0
10998,rabpreet,1
11002,sna,0
11004,jainaf,0
11014,jagir,1
11026,bhaggo,0
11038,tripta,0
11040,aphsana,0
11041,noojo,0
11081,smt.kiswar,0
11084,mili,0
11100,ranki,0
11104,harshi,0
11107,amrudin,1
11111,sukmani,0
11115,ahsamin,0
11117,archita,0
11127,animesh,1
11132,smt.aabida,0
11133,jaiparkash,1
11138,shaikh,1
11140,nilofar,0
11141,shathi,0
11148,dana,1
11159,yasmeen@lali,0
11162,shkur,1
11174,mikel,1
11175,noore,1
11196,jagnath,1
11198,mamini,0
11202,tabbsum,0
11212,sumesh,1
11214,unkar,1
11216,twinkle,0
11217,zile,1
11221,tabssum,0
11222,jalwad,1
11223,ashanjali,0
11225,habiba,0
11230,munmun,0
11232,bahart,1
11237,lllllllllllllllllll,1
11238,sumalia,0
11243,menu,0
11248,munjira,0
11249,fhaishal,1
11255,saieman,1
11260,papuu,1
11261,biraj,1
11267,itwari,1
11272,payana,0
11278,sunil@monu,1
11281,janeshwar,1
11283,budhi,1
11284,ansal,1
11297,umda,0
11309,arab,1
11311,nazneen,0
11335,sahnabaj,1
11350,raminder,0
11359,kamakshya,0
11360,ramsawroop,1
11376,vaibahv,1
11378,gungun,0
11380,dakshya,1
11387,smt.sushil,0
11388,preyojit,1
11394,md.yunus,1
11396,sadip,1
11397,subesh,1
11406,neaha,0
11407,dhamini,0
11409,rema,0
11416,brijnandan,1
11417,njare,1
11420,samra,0
11425,sumentra,0
11430,digvijay,1
11443,sharmili,0
11448,henkhochon,1
11457,pinkey,0
11465,indervesh,1
11480,furkhan,1
11495,kashum,0
11496,felicia,0
11499,mallo,0
11501,ranvir,1
11509,hukma,1
11527,sinta,1
11529,sahnaj,1
11530,guldasta,0
11535,shokar,1
11539,saahil,1
11550,prete,0
11553,jagpati,1
11564,mayuri,0
11575,bunda,1
11583,shahrish,0
11594,permeshwar,1
11597,sumanthra,0
11610,shailja,0
11611,jankraj,1
11622,nasiar,1
11626,v.b.,1
11630,ashmi,0
11631,pasanjeet,1
11640,afzaj,1
11644,gladwin,1
11656,nursa,0
11673,sourab,1
11679,manjoo,0
11686,manesh,1
11691,barjraj,1
11695,harbansh,1
11710,tushal,1
11713,nazira,0
11717,ompati,0
11732,shoab,1
11733,veenita,0
11742,malvika,0
11751,sokat,1
11756,joshna,0
11766,jaydurga,0
11771,punnet,1
11776,almina,0
11781,uda,1
11782,rejaul,1
11794,nikkhar,0
11801,narbir,1
11806,ovaish,1
11808,sabenoor@tamanna,0
11811,jaskirat,1
11816,mukkesh,1
11823,parsuram,1
11827,ruchendra,1
11832,harprit,0
11839,ujamma,0
11843,aphasana,1
11850,jaisigh,1
11855,aavesh,1
11857,rajkiran,1
11864,durgalal,1
11866,roshini,0
11872,irphan,1
11882,jhunna,0
11886,hisham,1
11892,keval,1
11895,samit,1
11901,jaivind,1
11912,raghubeer,1
11922,satrohan,1
11931,munish,1
11937,fra,0
11964,vishvnath,1
11966,sudma,0
11980,jat,1
11984,sidh,1
11991,mager,1
11997,warish,1
12010,mobsheera,0
12014,nej,1
12015,gordhanlal,1
12019,annat,1
12025,mobarkar,1
12029,sukrita,0
12044,bachheshwar,1
12055,sedarath,1
12059,joria,1
12063,husiya,0
12065,anjrej,1
12066,rathan,1
12067,gurdarshan,1
12073,succha,1
12074,salmakhatun,0
12076,namen,0
12113,yograj,1
12117,mast,1
12121,shamshina,0
12127,bisto,1
12129,nayan,1
12144,gruchran,1
12154,rajeswary@rajo@chanchal,0
12172,jaskaran,1
12175,jashgul,0
12176,dur,0
12178,rohil,1
12187,ajmer,1
12197,kanchaniya,0
12200,puneeta,0
12205,deepanti,0
12209,kanhaiyalal,1
12211,riti,0
12223,fanni,1
12224,gokul,1
12240,danista,0
12244,ilyas,1
12252,aatir,1
12258,jumman,1
12267,sumant,1
12281,harishen,1
12286,sidhart,1
12304,ghasiram,1
12312,km.prinka,0
12316,madhwi,0
12317,deendyal,1
12325,dhanu,1
12335,prsant,1
12338,birgesh,1
12341,kureja,0
12348,nikahat,0
12360,dhanni,0
12364,foolmaya,0
12365,rai,1
12369,manira,0
12383,gurfaan,1
12386,anirudh,1
12392,afsha,0
12403,diwansi,0
12406,harvansh,1
12421,jaiprkesh,1
12425,toni,1
12447,neeta@narayani,0
12469,somesh,1
12477,samsida,0
12485,anoj,1
12487,bagga,0
12489,prabhatilal,1
12491,sharat,1
12492,rghuraj,1
12494,nayamati,0
12499,dil,1
12501,madhuni,0
12510,shahabuddin,1
12516,ramsagar,1
12517,rakha,0
12523,soyam,1
12525,shoaib,1
12528,rukya,0
12532,sharib,1
12545,adnan,1
12547,ruben,1
12549,rajia,0
12562,chunaram,1
12570,maneeta,0
12576,jugal,1
12581,devpal,1
12591,jishant,1
12611,nainshi,0
12624,siddhi,0
12636,gulabsa,0
12641,lavpreet,0
12646,smt.vasida,0
12649,harison,1
12653,jaismeen,0
12657,shardha,1
12661,asanti,0
12664,javitri,0
12677,raghuvinder,0
12679,dildar,1
12690,mousin,1
12709,dauad,1
12712,jamir,1
12719,jincy,0
12733,brahamprakash,1
12735,sohnal,1
12748,munajir,1
12755,bheema,1
12773,ujama,0
12791,jisu,1
12792,bhagwana,1
12800,sahjad,1
12805,nathiya,0
12814,jetender,1
12820,parashram,1
12833,kulwant,1
12861,kamli,0
12864,jayotli,0
12867,samayddin,1
12874,gawri,0
12884,akil@sonu,1
12885,sunilrawat,1
12886,balaram,1
12891,swata,0
12896,aansu,1
12906,sakina@kajal,0
12915,mogan,1
12957,manosh,1
12973,ajahar,1
12976,gulwasha,0
12983,gjender,1
12989,dhmendar,1
12999,katwa,1
13008,pushapa,0
13014,hom,1
13015,gulbasha,0
13028,omparsad,1
13044,sh.vipin,1
13045,smt.nitu,0
13051,nafeesa,0
13054,ujir,1
13055,dhansinghpuri,1
13060,aasu,0
13062,sirazudeen,1
13067,najira,0
13069,salaman,1
13078,jumrati,1
13079,w/o,0
13080,gulafshan,0
13085,chandrakala,0
13102,badnath,1
13103,iqram,1
13108,md.ansar,1
13114,tabsum,0
13117,benjir,0
13127,satish@moolchand@baba,1
13128,nishith,1
13130,sparsh,1
13139,chnda,0
13142,jwala,1
13144,raishma,0
13151,isnesh,0
13156,asman,0
13164,abhijit,1
13167,simabharti,0
13175,chhantu,1
13176,jaquir,1
13191,tabbusum,0
13197,tripurari,1
13198,bali,0
13203,guni,0
13214,bidhya,0
13217,armaan,1
13222,firasat,1
13241,anli,1
13245,pryinka,0
13256,prami,1
13266,visan,1
13269,aejaz,1
13284,jhakar,1
13303,mahadevi,0
13308,sukesh,1
13331,mhd.,1
13338,sany@aman,1
13343,jony,1
13346,harprasad,1
13358,abhi,1
13367,uganta,0
13375,saroz,1
13383,bidami,0
13404,shakhtnsana,1
13408,kamaldeep,1
13411,matul,0
13412,shilu,0
13417,gulran,0
13422,lavali,0
13432,santra,0
13449,bhulan,1
13463,joya,0
13468,tahseen,0
13469,smt-sunita,0
13476,maman,1
13479,nooreen,0
13482,manikchand,1
13485,kamleshwar,1
13509,niksiya,0
13512,vijendar,1
13516,rubbina,0
13522,sabrina,0
13528,khetra,1
13536,suneeta,0
13544,arajun,1
13547,harmeet,0
13551,hukamchand,1
13554,sisty,0
13564,sukhdevi,0
13581,fornta,0
13583,gappu,1
13592,nisa,0
13598,surgayani,0
13599,shidharth,1
13602,salauddin,1
13603,seelam,0
13619,kalusingh,1
13620,ifteshyam,0
13624,soheb,1
13628,abhinwav,1
13631,salmam,1
13634,jodhi,1
13641,nikhleshwar,1
13643,avinsh,1
13647,ran,1
13655,pancham,1
13663,shashibala,0
13675,sumita,0
13679,gulfara,0
13681,sinil,1
13687,ratikant,1
13693,manormapal,0
13710,kunden,1
13725,natha,1
13735,dumnik,1
13737,mohmad,1
13738,krishen,1
13743,devya,0
13751,ramvati,0
13753,chetanya,1
13773,satrudan,1
13776,smt.manju,0
13780,mukhtiyar,1
13788,ramdhan,1
13789,momita,0
13792,jeeya,1
13798,aayesha,0
13803,kanhaya,1
13806,lc,0
13809,tulcharam,1
13815,milka,0
13830,naruram,1
13831,nek,1
13832,maaya,0
13835,mudasar,1
13862,sarain,1
13874,ramjanam,1
13884,partyush,1
13893,ranjeeta,0
13910,laltes,0
13918,bipnesh,0
13922,disi,0
13923,durjan,1
13927,vyelet,0
13934,shankuntla,0
13943,sabrin,0
13949,shokraji,0
13951,ravidutt,1
13954,lakh,1
13998,shreeniwas,1
14003,jhumki,0
14007,tassadul,1
14022,shivaji,1
14025,prhalad,1
14029,daks,1
14030,fakerey,1
14035,bangali,1
14056,koyal,0
14075,harleen,0
14079,sanavvar,1
14096,vishavkarma,0
14098,fida,1
14101,chandki,1
14119,mohmed,1
14126,dhiru,1
14135,munia,0
14140,imtiaz,1
14153,gonsan,1
14155,sukheeya,0
14163,bima,0
14175,rusan,0
14179,nayna,0
14183,choti,0
14185,triveni,0
14191,bhajanlal,1
14192,turveny,0
14195,chhaterwati,0
14204,guruvachan,1
14208,mudsir,1
14220,baichan,1
14221,musrat,0
14224,yaqoob,1
14238,radhabai,0
14247,pallvi,0
14248,sariq,1
14254,kheem,1
14258,brijshwaer,1
14259,afshana,0
14278,imamuddin,1
14290,jism,1
14295,manoish,1
14296,nilesh,0
14300,siza,0
14305,nabav,1
14310,mukeemuddin,1
14312,nenshi,0
14318,sahajha,0
14323,farjanul,0
14324,gagandeep,1
14331,damanjeet,1
14343,nihal,1
14345,gulnanj,0
14352,jaiwanti,0
14358,sanaali,0
14360,milap,1
14363,majidunisha,0
14391,gulshafa,0
14394,vi,1
14411,talvender,1
14418,reyaz,1
14427,dhara,1
14429,suraiya,0
14447,shailash,1
14460,tajwar,1
14477,rashika,0
14482,sheilesh,1
14492,pyar,1
14507,chandpreet,1
14511,mamta@lalita,0
14513,bhuli,0
14515,kesnata,0
14516,rijul,1
14518,ganpat,1
14522,s,1
14523,khanchan,0
14531,pravindra,1
14537,rehman,1
14546,gensingh,1
14547,eshavarya,0
14554,iqrar,0
14560,raviraj,1
14566,meenaz,1
14580,jaivanti,0
14591,ekta@mamta,0
14593,jaimala,0
14598,simren,0
14607,fiyaz,1
14618,imtiyaz,1
14622,paramshela,0
14637,jang,1
14643,somdath,1
14645,patan,1
14647,badarjahan,0
14648,menakshi,0
14666,ratni@jasoda,0
14681,shabbi,0
14684,sorav,1
14686,yadram,1
14694,swatri,0
14700,asfak,1
14703,omesh,1
14716,paryanka,0
14717,karansingh,1
14719,esrail,1
14729,jaanu,1
14739,anoura,0
14752,harbir,1
14756,gulfan,1
14766,lajja,0
14768,shimala,0
14770,reshami,0
14780,jamal,1
14795,n.,1
14797,sudarshan,1
14803,prakul,1
14804,tarif,1
14808,amijan,0
14811,mehraj,1
14812,garupal,1
14823,niti,0
14825,jayantadass,1
14835,hemleta,0
14840,latesh,1
14851,mahud,1
14860,sehin,1
14866,dimpy,1
14871,altab,1
14874,adan,1
14898,syham,1
14899,bajrangi,1
14901,mohad,1
14902,rishma,0
14910,shavani,0
14912,jahirul,0
14933,bhawar,0
14934,bharati,0
14939,meela,0
14956,raksha,0
14958,pyari,0
14966,amrjeet,1
14970,tashnim,1
14975,masuma,0
14988,shanwaz,1
14993,sandeep@sonu,1
14994,sri,1
15012,shyamlal,1
15014,bindi,0
15017,metily,1
15024,guman,1
15026,harbinder,1
15051,devdhari,1
15054,jawhar,1
15069,menka,0
15077,muzim,1
15088,sahwaj,1
15101,mo-,1
15111,ammar,1
15113,divakar,1
15115,sumender,1
15119,sudeshwer,1
15120,manimegla,0
15121,mudssir,1
15122,shanshak,1
15125,soonam,0
15132,umardaraz,1
15135,rajbir@changa,1
15147,sumemtra,0
15157,daksh,1
15158,dataterya,1
15160,kinya,0
15169,zahir,1
15181,rolly,1
15183,premawati,0
15189,mhoomad,1
15196,pammi,0
15198,rambai,0
15201,riyajul,1
15213,jacky,1
15214,phulkana,0
15221,sapita,0
15227,sandya,0
15228,hasir,1
15232,roopnarayan,1
15239,ikara,0
15243,mahammd,1
15261,sipra,0
15267,ramsati,0
15269,amna,0
15272,tajrani,0
15274,machhala,0
15286,bhala,1
15291,tameezuddin,1
15300,merry,0
15302,shoyab,1
15314,udham,1
15317,visham,1
15318,najara,0
15321,rabin,0
15322,chiddu,1
15325,durgashankar,1
15331,ranipal,0
15350,khusbhoo,0
15360,shreemati,0
15367,name,1
15368,kanchn,0
2,asmina,0
5,shkil,1
21,dhramveer,1
23,ajmit,0
38,julficar,1
43,ruksaar,0
52,gya,1
68,aasto,1
70,hadarali,1
73,lalital,1
85,k.,0
87,sehran,0
105,sabid,1
117,jagdambika,1
124,rozy,0
127,babudden,1
145,farku,1
146,hemlat,0
147,mehinder,1
153,gheesa,1
159,syamsunder,1
160,sosri,0
161,iarfan,1
164,chetanram,1
187,ashiqu,1
188,azruddin,1
190,anjna,0
194,priyansi,0
197,baniya,1
215,sohni,0
219,pallu,1
224,abhinash,1
233,yadvir,1
239,aashia,0
261,riyajudin,1
269,taitra,0
281,hajrat,1
283,nirjala,0
284,tapsyum,0
302,d.joycee,0
304,kamrudeen,1
305,ankala,1
311,jesmin,0
324,sunhara,0
326,tane,0
329,mastan,1
366,papp,1
368,mr.bhagchand,1
370,irfa,0
371,shlender,1
380,subhagi,0
386,"raju,",0
402,rojmeri,0
416,sakuntla,0
429,makan,1
431,bhole,1
444,anshum,1
449,suneta,0
456,girishchandra,0
457,chando,0
470,sammiuddin,1
472,ruchit,1
478,deepvhand,1
482,rajjit,1
484,bhemji,1
488,manuvar,1
489,manshi,1
500,naima,0
503,kafia,0
518,koushik,1
522,susan,1
524,lekose,1
526,yamini,0
532,zhini,0
538,sen,0
549,pera,1
554,mukish,1
555,perdeep,1
559,rajit,1
561,bhisan,1
565,madam,0
569,shefali@puja,0
581,shaili,0
593,dhalchand,1
607,bahrat,1
610,yuveraj,1
613,bindvasini,0
619,omprkesh,1
625,riyajuddin,1
628,madhusudan,1
632,naajim,1
636,sudan,1
652,dhanjay,1
659,shil,1
661,gajla,0
676,mali,1
681,babalu,1
689,sayana,0
691,chhamo,0
718,binu,0
722,kuntesh,0
723,jhoti,0
727,rajudi,0
728,asana,0
737,nanki,0
763,kamjeet,0
765,surja,1
767,jomiya,0
768,kehkasa,0
769,kana,1
775,urvarshi,0
783,prya,0
790,krishn,1
793,jibanti,0
829,radesyam,1
833,nazahat,0
840,kiranti,0
853,sarwesh,0
870,poma,1
873,rajeena,0
882,pardep,1
884,shgita,0
888,bhanupriya,0
889,shika,0
902,saddiq,1
904,devkran,1
913,nikita@niki,0
921,naitik@kanaya,1
925,vahab,1
928,vakila,0
936,devasish,1
938,najda,0
939,sabrajeet,1
960,shaira,0
962,harbai,0
970,piyari,0
978,aahim,1
989,sheeak,1
993,ratna,0
1001,minaxni,0
1009,alita,0
1010,satvir,1
1011,sawariya,0
1022,suriti,0
1043,eldro,1
1048,suchita,0
1061,sut.,0
1062,lilima,0
1066,dowlat,1
1084,sonaki,0
1102,viccky,1
1111,somprakash,1
1114,aleesha,0
1115,bharati@ruchika,0
1117,taran,0
1123,foolwati,0
1128,mohardi,1
1129,shahiba,0
1145,jitender@,1
1151,stephen,1
1152,terence,1
1157,umardeen,1
1183,kamana,0
1200,subhapal,0
1205,nazeem,1
1215,nargesh,0
1222,manchan,0
1227,rajvi,1
1247,selva,1
1254,kanhyalal,1
1259,phulbi,0
1268,neelachal,0
1292,vipasha,0
1303,suresh@tinku,1
1305,sushpal,1
1311,phalguni,0
1314,tayab,0
1319,tajuddin,1
1320,bhonu,1
1326,sardhu,1
1346,mahrul,0
1354,vanshu,1
1369,bhauk,1
1383,pramatma,1
1387,samad,1
1390,onginye,0
1397,sanoshi,0
1400,nahida,0
1421,chandrram,1
1426,lawli,1
1437,gahnshyam,1
1439,tipu,0
1501,dhreej,1
1503,jaslin,0
1504,karunakar,1
1520,murtibai,0
1521,sankarlal,1
1524,poornima,0
1526,mamita,0
1535,tak,1
1544,ebane,1
1550,kishn,1
1560,fulmiya,1
1561,nagendra,1
1566,sitar,1
1567,ekram,1
1569,neelkant,1
1593,dharvesh,1
1601,rameh,1
1603,jimi,1
1628,pratul,1
1637,manglesh,0
1645,philomina,0
1652,kalwant,1
1666,budho,0
1669,altmash,1
1675,juvel,1
1676,aamina,0
1677,verendra,1
1683,subani,0
1685,abishek,1
1695,amrika,1
1696,sunitha,0
1700,mhendar,1
1702,sazmin,0
1711,jitander,1
1712,liveri,1
1719,parerna,0
1721,frjana,0
1724,vinayak,1
1731,panchhi,1
1732,bishun,1
1733,murjina,0
1742,sukka,1
1745,narsingh,1
1748,manoj@,1
1754,panchma,0
1755,smt.beena,0
1756,kusham,0
1760,s/o,1
1761,beti,0
1767,bhuwan,1
1778,jeeren,0
1781,abhimanu,1
1787,adersen,1
1792,chandabai,0
1793,titu,1
1796,badrudeen,1
1799,gotam,1
1800,muskaan,0
1805,eshwari,0
1806,beeuty,0
1834,jya,0
1836,hakam,1
1847,nanveet,0
1859,gulreg,1
1864,harshdeep,1
1866,tasmina,0
1867,chandesh,1
1869,kishnaram,1
1870,kosaleya,0
1872,ujjawal,1
1873,rauf,1
1880,sauni,0
1892,chiranjavi,1
1897,harimohan,1
1899,deepanker,1
1901,twinkil,0
1920,narain,1
1926,harwindra,1
1928,yinita,0
1936,parbhudayal,1
1946,mohak,1
1952,lushi,0
1953,doly,0
1955,mangala,0
1957,sozi,0
1958,horam,1
1963,miha,1
1964,mangeshwar,1
1966,randeep,1
1973,baudi,1
1982,bhulaee,1
2000,trlokchand,1
2006,unnati,0
2007,motolal,1
2010,rahisuddin,1
2022,nirwat,0
2035,mahzbin,0
2042,bikram,1
2047,jaiprakash,1
2057,santna,0
2063,naviya,0
2064,shushila,0
2079,rina/,0
2091,narbada,0
2096,junl,1
2100,kashiv,1
2102,veenu,0
2104,subato,1
2112,shbana,0
2115,razida,0
2117,prannab,1
2125,prafhool,1
2137,wazir,1
2139,daniel,1
2142,nassin,0
2157,chappla,0
2180,frra,0
2185,hardam,1
2191,ajara,0
2192,khursheed,1
2200,bhojaram,1
2216,nihalchand,1
2217,ku.shiv,0
2230,somi,0
2243,nimesh,1
2246,ankus,1
2250,bhima,1
2255,gurjit,1
2257,banarsi,1
2263,deepmala,0
2264,vinaysingh,1
2272,amreeta,0
2279,bhatari,0
2297,munnem,1
2300,nusrant,0
2301,sushama,0
2320,jitin,1
2322,aarav,1
2331,daulat,0
2332,jaidev,1
2342,supiriya,0
2352,sahlesh,1
2353,manpritkour,0
2357,rajbeer,1
2359,priyaki,0
2360,rimasha,0
2372,mithi,0
2379,kamal@,1
2389,budhram,1
2392,mairi,0
2398,zenab,0
2400,dipansu,1
2405,lambhu,0
2408,dumani,0
2413,shakina,0
2416,shanawaz@heena,0
2417,jafruddin,1
2418,sokin,1
2425,mega,0
2432,durgabai,0
2441,shukla,0
2443,st,0
2449,sukhsohan,1
2450,ariba,0
2453,nashim,1
2458,sumanlta,0
2459,yaswani,1
2463,gajwanti,0
2464,rushali,0
2465,barakha,0
2468,parvti,0
2478,sushri,0
2482,malkiat,1
2483,balak,1
2484,vishwjeet,1
2488,sushmendra,1
2497,shanah,0
2513,avastha,0
2528,rehmati,0
2534,shahwaj,1
2540,druga,1
2550,shahnwaj,1
2569,pharjana,0
2575,joyaa,0
2579,lakhwinder,1
2583,jasiram,1
2587,jhawar,1
2591,nitin@,1
2593,nurjaha,0
2604,khooshboo,0
2617,shelly,0
2620,nisha@neelam,0
2621,sujal,1
2628,yaadram,1
2633,ladakunvar,0
2636,muntajar,1
2643,hayatul,1
2656,rvina,0
2660,iqarar,1
2662,layman,1
2670,nabal,1
2672,noorjaha,0
2673,rudhra,1
2676,sajmeen,0
2685,pannalal,1
2700,raeeyan,1
2704,aadesh,1
2705,joholal,1
2709,birajpal,1
2717,kanda,1
2722,phirdos,1
2725,shayana,0
2733,hajari,0
2738,bharkah,0
2740,vidyawati,0
2748,sashikala,0
2752,khuma,1
2758,jeeshan,1
2765,utkarsh,1
2769,snjana,0
2777,data,1
2778,akhlish,1
2783,chtar,1
2784,rambhool,1
2787,teenu,1
2793,shorav,0
2794,shafi,1
2815,muntiyaj,1
2819,beragi,1
2828,shukramani,0
2842,pargat,1
2847,kanisk,1
2850,shiraj,1
2852,shimpi,0
2864,jaimati,0
2865,bsram,0
2870,bb,0
2873,chndrakla,0
2877,minakchi,0
2879,lilavati,0
2893,abhaki,0
2900,majrula,0
2912,ramdutt,1
2915,akkash,1
2918,kabul,1
2920,nilu,1
2921,tulki,0
2932,opendar,1
2934,dilkush,1
2936,rajkumari@babli,0
2941,tony,1
2947,nirbhay,1
2950,love,1
2959,gulshtab,0
2987,akansh,1
2991,kusumakar,1
2997,hoti,1
2999,twenkle,0
3007,akashya,1
3009,hazira,0
3016,niwas,1
3059,bhramanand,1
3064,sadur,1
3070,ankeet,0
3075,bherav,1
3079,shivcharan,1
3080,pooranmal,1
3093,jorj,1
3116,galiya,1
3117,aishwarya,0
3118,newal,1
3121,sarafraj,1
3124,maha,1
3127,shadna,0
3133,sagufta,0
3139,shavitri,0
3140,shaswat,1
3146,ombeer,1
3157,ramkhilawan,1
3166,shadan,1
3168,shajid,1
3173,shalid,1
3191,chanderkanta,0
3195,preti,0
3199,muntrin,0
3203,revndrshing,1
3209,pervez,1
3220,rvindra,1
3227,samiya,0
3228,satbar,1
3236,fazia,0
3245,revti,0
3247,harvans,1
3249,daljit,0
3254,firdous,0
3259,rasul,1
3261,muskuran,1
3266,phooleshwar,1
3269,sharee,1
3272,gunanidhi,1
3275,kishmat,0
3280,ratul,1
3289,paru,0
3302,ramdhin,1
3304,mehruddin,1
3306,abhishik,1
3324,maanmati,0
3331,mahboob,1
3332,shumita,0
3334,nooralam,1
3336,sehnaj,0
3339,maahi,0
3341,sahajaha,1
3342,chandrashekhar,1
3347,surgyan,1
3348,balbiri,0
3351,mithelash,1
3355,gona,0
3380,devkali,0
3382,sudhama,0
3387,parvin,0
3404,pransis,1
3405,munny,0
3417,satyadev,1
3429,sanjogta,0
3434,kajamuddih,1
3435,gulabsha,0
3442,nadem,1
3466,kartar,1
3467,utam,1
3481,gauravgil,1
3487,fahira,0
3489,rimjhim,0
3501,aijay,1
3502,mamanbai,0
3506,dishu,0
3515,balmiki,1
3517,radhab,0
3523,harishchandr,1
3527,ramkiashan,1
3532,aachal,0
3534,shivani@prachi,0
3553,sajni,0
3559,shittal,0
3563,poojadevi,0
3565,jacob,1
3581,rinesh,0
3584,vedehi,0
3587,dharminder,1
3590,vadhi,0
3594,bulad,1
3600,souvik,1
3601,rsjesh,1
3603,netrapal,1
3609,vijendra,1
3614,narinder,1
3624,naveela,0
3625,kaishav,1
3626,sanaullah,1
3631,jarim,0
3632,prinsh,1
3634,dhulin,1
3639,laltia,0
3648,siddharth,1
3664,ashraf,1
3669,maqsood,1
3674,dhurv,1
3686,jaijairam,1
3690,lilaram,1
3694,satwander,0
3696,bajulal,1
3712,sajini,0
3723,kalayan,1
3725,dhrama,0
3737,sanjya,1
3746,faraha,0
3753,kulina,0
3756,rampaal,1
3761,dhola,0
3768,sethi,1
3769,sh.shiv,1
3772,honey,0
3780,somender,1
3781,laka,1
3789,sukshana,0
3798,monupal,1
3808,sira,0
3809,shushree,0
3812,nimla,0
3816,lavtar,1
3819,zina,0
3823,moshri,0
3824,nazrana,0
3825,twinkal,0
3843,kallo,0
3844,saroop,1
3845,neeti,0
3849,kamreen,0
3864,shilap,0
3869,momena,0
3871,azaruddin,1
3872,pannu,1
3889,sanam,0
3905,nanagram,1
3916,prankur,1
3919,laxminarain,1
3920,perkash,1
3928,tarunnam,0
3939,pamjeet,0
3946,rijakpal,1
3955,moh0,1
3962,minakumari,0
3968,maninder,1
3975,jagjeet,1
3987,mrityunjay,1
3990,shiya,0
3995,virat,1
3997,ashman,0
4004,darfasha,0
4008,naseef,1
4009,joydeep,1
4010,tariq,1
4012,mnyak,1
4014,ramtek,1
4019,kanki,0
4020,jaynarayan,1
4035,asutosh,1
4038,shobina,0
4047,bivla,0
4066,vipun,1
4069,daljeet,1
4070,paramdeep,0
4072,nosad,1
4088,saranthem,0
4091,nshima,0
4093,suwa,1
4103,manjusha,0
4108,r,0
4119,sawali,1
4146,sujen,1
4148,hemani,0
4149,bharkha,0
4172,gopiram,1
4189,aakash@multan,1
4229,rashma,0
4268,dhuruv,1
4269,jeetram,1
4272,narendera,1
4275,basiran,0
4277,paratibha,1
4284,anjila,0
4288,yameen,1
4297,anikesh,1
4303,tavinder,1
4310,somil,0
4313,jamnaa,0
4314,sandha,0
4318,mittopuri,1
4327,krishka,0
4328,veerander,1
4335,mahnatha,1
4336,mini,0
4338,partab,1
4347,milkhi,1
4357,srikant,1
4364,sidhant,1
4367,muhmad,1
4371,aamil,1
4373,"shakuntala@pooja,",0
4383,viren,0
4396,junna,1
4401,amita,0
4410,jasvindir,1
4414,shalesh,0
4419,devyani,0
4427,ajman,1
4448,sugar,1
4449,mohd.asif,1
4455,shoiba,0
4460,maansingh,1
4471,veejita,0
4479,inderpaal,1
4483,rohila,0
4499,phakir,1
4505,runiya,0
4506,tunda,1
4507,neharika,0
4513,umashanker,1
4520,vinoda,1
4522,nathi,0
4559,sabra,0
4562,grish,1
4567,bechan,1
4568,sukhvinder,1
4570,chnada,0
4578,aashi,0
4581,kanak,0
4594,galu,1
4624,ruka,0
4627,shelesh,1
4630,mahi@munasvi,0
4633,forshan,1
4642,skunatla,0
4645,jotyi,0
4646,moinuddin,1
4651,injum,0
4654,maj-,1
4656,pear,0
4660,sateesh,1
4665,rajbiri,0
4670,tanvi,0
4674,kundin,1
4683,srheeram,1
4687,subhangi,0
4697,ajra,0
4712,dvndavva,0
4713,shazad,1
4721,sanjeeta,0
4725,vijesh,1
4740,aamrin,0
4743,rakkibhul,1
4746,saanu,0
4763,pangita,0
4778,baleshwar,1
4781,lokindra,1
4786,sadre,1
4792,nashima,0
4811,smts,0
4814,kouchu,1
4817,ratn,1
4824,muneer,1
4831,aagand,1
4849,suminder,1
4850,dhrampla,1
4853,lahida,0
4862,piuesh,1
4863,bandu,1
4887,ayushi,0
4909,abul,1
4914,babbi,0
4921,sirajuddin,1
4935,sispal,1
4943,deepshikha,0
4954,pampa,0
4963,shoukat,1
4966,vaibav,1
4967,dhaniya,0
4968,musibat,1
4975,ashtha,0
4976,sehdev,1
4979,ankit@,1
4981,mehronisha,0
5002,meghanath,1
5007,trijugi,1
5015,pinkoo,1
5043,rajdut,1
5048,fahija,0
5054,ramli,0
5082,bacche,1
5084,fazin,0
5086,mohd.wahid,1
5088,nasreema,0
5093,minitwa,0
5095,naisi,1
5101,buchhi,0
5105,anzum,0
5107,kirann,0
5116,asmit,0
5125,taiyab,1
5153,aswani,0
5161,abhiraj,1
5171,mohd.amir,1
5172,nahar,1
5198,zameer,1
5199,feflibai,0
5223,abdullah,1
5225,alima,0
5226,veronika,0
5229,santlal@golu,1
5245,rafat,0
5247,aakas,1
5248,switi,0
5249,rashid@robhi,0
5254,swetha,0
5259,subrati,1
5277,jaswinder,0
5288,ashik,1
5293,majida,0
5296,vishesh,1
5307,vibhash,1
5322,subhiya,0
5338,aasim,1
5351,simmy,0
5353,megha@sandhya,0
5357,pargati,0
5371,feru,1
5372,kalu@,1
5374,sanpat,1
5379,vidisha,0
5381,kulbhushan,1
5391,gufraan,1
5394,asmin,0
5396,raghu,1
5407,sattaram,1
5409,samsudin,1
5416,anamol,1
5423,veerendra,1
5424,meva,0
5427,marti,0
5429,dibya,0
5434,rinkoo,1
5436,jakh,1
5455,kabid,1
5457,subhakar,1
5459,sabeer,1
5461,digamber,1
5467,sukhlal,1
5479,jahoor,1
5481,richaraj,0
5486,aanya,0
5500,lalutha,0
5504,minder,1
5505,rituraj,1
5507,shjad,1
5510,bharat@dholu,1
5515,premo,0
5517,bahalen,0
5521,rambrij,1
5546,akshpaat,1
5549,habib,1
5550,aaftaab,1
5557,ramswrup,1
5568,vickky,1
5574,sahima,0
5581,guljan,0
5588,biran,1
5595,kamar,0
5606,sunil@,1
5614,keshram,1
5622,rinukanwr,0
5636,surat,1
5642,shispal,1
5643,chatter,1
5649,subhi,0
5650,dirgaj,1
5651,soona,0
5659,yudhbir,1
5668,sinder,1
5694,bawan,1
5700,khashbu,0
5701,yoshoda@,0
5713,zuhaib,1
5719,raseel,1
5722,parmanand,1
5729,vashudev,1
5732,parmood,1
5747,rakho,1
5754,kangana,0
5758,chhaya,0
5761,kajul,0
5765,dayal,1
5775,saidul,1
5784,chandkor,0
5790,stifen,1
5793,bhaddal,1
5808,avi,0
5810,viriya,1
5811,sibanaz,0
5815,swedesh,1
5823,nizamuddin,1
5840,robi,0
5867,gurdayal,1
5881,ghantoli,1
5889,akhlaq,1
5892,shahgujta,0
5907,hagami,0
5911,anuska,0
5916,mudbir,1
5940,karisma,0
5947,amuda,0
5960,ketan,1
5964,karandeep,1
5971,ansar,1
5974,saka,0
5976,hemuna,0
5988,divaie,1
5989,veermati,0
6005,pooja@neha,0
6008,swagtika,0
6014,premsingh,1
6016,shahista,0
6030,hazrat,1
6037,sahabbudin,1
6040,mithalesh,0
6053,shelendra,1
6054,pista,0
6058,dwarka,1
6065,sarbari,0
6067,pholwati,0
6071,kifayat,1
6078,priyak,0
6080,jaishmin,0
6089,layba,0
6090,janid,0
6099,bhagvaan,1
6103,afrina,0
6106,rehaan,1
6115,dakshina,1
6118,shiteel,0
6137,sema,0
6147,sooraj,1
6151,belo,0
6162,fakiri,0
6173,talim,1
6176,nrendr,1
6184,fharman,1
6193,gaytree,0
6196,premnarayan,1
6207,chandreshwar,1
6213,murad,1
6221,hemavanti,0
6224,lakhu,1
6239,meghu,1
6246,nrotam,1
6250,ramkish,1
6272,tapish,1
6281,gen,1
6294,tammanne,1
6297,shahir,1
6299,nasar,1
6301,asish,1
6304,muqhtar,1
6324,sararwati,0
6325,rambharos,1
6331,sangeena,0
6332,mitthun,1
6333,avnit,1
6342,nawaz,1
6348,manoti,0
6354,pool,0
6357,yeshpal,1
6368,selars,0
6382,akshit,1
6389,mannulal,1
6391,bhagay,0
6394,ghurul,1
6403,harvindra,0
6405,beekar,1
6417,patras,1
6430,aluddin,1
6433,pritibha,0
6434,amart,1
6438,sithal,0
6447,andhav,1
6448,pradeep@kale,1
6453,mandu,1
6462,mamu,1
6465,shsi,1
6477,naseeba,0
6479,keshanti,0
6480,guluram,1
6481,jitendr,1
6482,sawana@pinki,0
6486,purnmal,1
6487,jagdiesh,1
6492,lehru,1
6502,moin,1
6546,motilaal,1
6559,matbar,1
6563,tyara,0
6567,maalti,0
6570,mercy,0
6571,ajkati,0
6584,nisat,0
6588,nameeta,0
6605,panchuri,0
6622,amasi,0
6623,armita,0
6626,sazi,0
6631,farina,0
6632,virwanti,0
6633,tanuj,1
6635,azaz,1
6644,deepansu,1
6647,manbharbai,0
6651,niyaaz,1
6663,begum,0
6664,hariram,1
6679,toquir,1
6680,barjesh,1
6681,laxmi@nankai,0
6689,peenu,0
6705,goldi,1
6725,afroz,0
6728,jhaban,1
6732,ridhakaran,1
6736,bhusan,1
6740,bhavisaya,1
6752,hifjul,1
6754,rup,1
6756,janaki,0
6759,nijamudeen,1
6762,megh,1
6770,khemchand,1
6773,nayeem,1
6777,sarmeela,0
6784,shakuna,0
6787,manjinder,0
6791,dhisa,1
6795,shivalika,0
6799,sehzad,1
6801,shaymu,1
6808,ganita,0
6826,rehan,1
6827,alema,0
6839,methun,1
6846,sujli,0
6858,ziarul,1
6859,mosim,1
6861,kaif,1
6872,naulesh,1
6892,azmira,0
6896,sheikhsai,1
6898,pappy,0
6910,gandhi,1
6911,sally,0
6914,asmita,0
6922,avfesh,1
6924,ateek,1
6929,farhib,0
6931,jayesh,1
6943,pappe,1
6945,amritpal,1
6947,ishrana,0
6953,gosia,0
6956,bakhtvaar,0
6966,ruvi,0
6982,rishipal,1
6984,ramakant,1
6998,veero,0
7002,buity,0
7027,sehjamal,1
7032,shimran,0
7043,rahat,0
7046,eliyas,1
7050,ratani,0
7055,manjiv,1
7064,ajmeri,0
7066,ghanshayam,1
7067,vichitra,1
7075,kisan,1
7081,neeli,0
7082,shardanand,1
7096,prinkya,0
7107,rafeddin,1
7117,harshmeet,1
7129,jamrujaha,0
7135,v.,1
7137,birma,0
7140,birajbhushan,1
7143,one,1
7146,amarapal,1
7152,abhishek@chotu,1
7170,ekamjeet,0
7174,jedu,1
7180,jahgeer,1
7182,rajputra,1
7184,mam,0
7188,yukilal,0
7189,smt.farhana,0
7191,binita,0
7195,fitrat,1
7200,kirtiman,1
7215,shayamveer,1
7217,bhasker,1
7221,khairti,1
7229,parmeswari,0
7231,sumedha,0
7235,binda,0
7236,schin,1
7242,gyanu,1
7244,sutiya,0
7254,durvesh,1
7261,atanu,1
7268,ramfare,1
7283,nipam,0
7284,sanat,1
7285,leo,1
7295,silpa,0
7301,jagdamba,1
7303,suda,0
7304,aaditya,1
7313,heeera,1
7317,sheish,1
7320,bhanvar,1
7324,indrvati,0
7325,inda,0
7332,sahnara,0
7334,konti,0
7335,sareen,0
7336,kelashi,0
7338,marshilah,0
7346,subhagya,0
7347,nibo,0
7358,angan,1
7359,pinttu,1
7360,parniti,0
7361,grpreet,0
7367,chabi,1
7372,amana,0
7375,swapam,1
7377,manuja,0
7378,rajibul,1
7382,rampayari,0
7383,gali,0
7392,khusaboo,1
7393,anekha,0
7405,kbeta,0
7410,sahrul,0
7415,sagita@harsita,0
7428,barti,0
7430,shakeela,0
7436,sirjna,0
7441,kripal,1
7452,shivbhagvan,1
7459,geetanjali,0
7460,javal,1
7464,amarendra,1
7474,pariti,0
7475,ku.rekha,0
7477,mangubai,0
7491,suraja,1
7493,md.tosheeb,1
7510,chotelal,1
7517,chanpa,0
7518,shalig,1
7520,mooldan,1
7535,neelajan,1
7550,hongsi,0
7556,krishnal,1
7557,nareshpal,1
7572,chhatar,1
7575,aarushi,0
7579,kawal,0
7582,sehnawaj,1
7592,meharuddin,1
7594,puspender,1
7599,udi,0
7600,udal,1
7604,shaubha,1
7613,khushbhu,0
7617,girjesh,1
7624,nazmaa,0
7633,shreee,1
7641,punkaj,1
7644,sahaja,0
7645,naushi,0
7652,laltha,1
7656,sehjal,0
7678,ruanbza,0
7686,kulwinder,1
7702,maneesha,0
7704,najni,0
7715,kiriti,0
7721,vude,1
7723,shahzadi,0
7725,ravindr,1
7728,sapan,1
7736,babupuri,1
7753,bhahadur,1
7754,nency,0
7756,pushpawati,0
7757,patik@monu,1
7771,santok,0
7775,samsung,1
7786,cosmic,0
7790,samer,1
7793,jainub,0
7794,vipulander,1
7798,vijaynti,0
7803,serul,0
7821,shm.,0
7824,sabnur,0
7837,mariya,0
7838,umlesh,1
7841,salupa,0
7844,haji,1
7845,sorbh,1
7846,adiba,0
7860,taranjeet,0
7861,simpi,0
7864,amri,0
7866,smt.lokesh,0
7870,jugender,1
7879,alapna,0
7883,yadho,1
7884,muzmil,1
7886,rekhwan,0
7890,saral,0
7893,virjiniya,0
7902,rawi,0
7917,navjoot,1
7918,nabijan,1
7933,sunarkali,0
7939,preyank,0
7959,sk,1
7963,munnawar,1
7965,prayatan,1
7998,dhiraj@dhirendar,1
8006,devid,1
8015,ramchandr,1
8025,rahina,0
8044,ranita,0
8055,bandana,0
8060,nelam,0
8061,soban,1
8065,anupuma,0
8080,dipa,0
8098,chanab,0
8101,marya,0
8103,chajju,1
8104,udesh,1
8113,kedarnath,1
8115,rantesh,1
8118,sharadhha,0
8124,sombir,1
8125,shahboob,1
8128,ziyabul,1
8139,satvida,0
8147,narbahadur,1
8151,bijendra,1
8156,mina,0
8162,halke,1
8168,fuli,0
8195,daaud,1
8208,shohan,1
8215,ahupendra,1
8218,kalma,0
8220,siyaram,1
8228,pusgpender,1
8230,jaanki,0
8252,vijaya,0
8260,rajshree,0
8266,edris,1
8273,puspendar,1
8275,kamlajeet,0
8278,rachnu,0
8279,kashmir,1
8282,baljinder,1
8284,sadiq,1
8288,param,1
8294,urendra,1
8296,guddibai,0
8300,navi,1
8308,yatin,1
8312,prinkaya,0
8325,nosar,0
8328,bachan,1
8334,chandrika,0
8337,sangit,1
8338,shulekha,0
8340,bintu,1
8346,titu@devender,1
8357,maryana,0
8375,dhurender,1
8379,tarbez,1
8382,dikshant,1
8402,sikander,1
8411,elwin,1
8412,indresh,1
8432,givinda,1
8433,sobit,1
8441,raju@rajesh,1
8444,koyali,0
8446,anarkali,0
8448,parlad,1
8449,jarnail,1
8457,isharar,1
8476,gaura,0
8477,gulshana,0
8478,sohel,1
8490,atif,1
8496,k,0
8501,ajnoor,0
8508,jenifer,0
8522,iqubal,1
8528,alseepa,0
8543,sabnam@,0
8547,devashish,1
8554,rasab,1
8562,asfaq,1
8571,rojmen,0
8574,marjana,0
8576,yashodha,0
8586,mehbob,1
8591,gyanendra,1
8602,lawrence,1
8610,arham,1
8612,bironica,0
8614,jasvant,1
8616,gollu,1
8617,narayani,0
8630,khemraj,1
8633,sekha,1
8639,pachuram,1
8640,mahmun,0
8643,seekha,0
8648,jakra,0
8655,faaija,0
8665,vitan,1
8670,ugma,0
8680,smt.chhoti,0
8691,firoja,0
8692,muli,0
8698,kimmi@neelam,0
8704,devik,1
8708,shyama,1
8718,injmam,1
8738,neesha,0
8746,sarabjeet,1
8748,pratha,1
8754,lavish,1
8755,bharatlal,1
8756,arbana,0
8769,sheenu,0
8794,prempal,1
8797,ishtkar,1
8800,harmit,0
8804,roopali,0
8820,bhoori,0
8829,kalashi,0
8834,jagviri,0
8835,ramdhani,0
8837,nabi@,1
8839,musmi,0
8840,raniya,0
8841,kawaljeet,1
8858,ramjiyawan,1
8867,sukhavinder,1
8872,satveer,1
8881,lamani,1
8883,vipiv,1
8897,bhudhashen,1
8903,shajiya,0
8915,noorjhan,0
8916,gulafsha,0
8918,sajma,0
8925,shahnaj,0
8927,rammurti,1
8929,mehfooj,0
8930,mohmmad,1
8931,jaidul,1
8937,md.gulsher,1
8940,mnisha,0
8942,iswer,1
8946,ezaz,1
8957,fareem,0
8958,sujan,1
8976,pulita,0
8983,bachhu,1
8995,chinu,1
9003,tabasum,0
9013,sabanam,0
9019,avantika,0
9037,arpna,0
9039,bagaram,1
9045,sahishta,0
9054,ashra,0
9058,bobbi,1
9075,sunayna,0
9080,tajmaha,0
9090,laksh,1
9095,rajanti,0
9103,rahishudeen,1
9116,bhiva,1
9117,takshila,0
9121,jhalla,1
9143,kudeep,1
9148,deeraj,1
9164,karnesh,1
9168,kimat,1
9170,harbanschauhan,1
9174,tikku,1
9191,shymo,0
9199,beeti,0
9203,badshya,1
9209,sehnaaz,0
9216,marzina,0
9220,musra,0
9228,ramjas,0
9229,bajinder,1
9230,kiniya,0
9238,doodhnath,1
9249,nirosha,0
9265,aaenab,1
9268,baga,1
9276,saheb,1
9278,rohthash,1
9301,riyazuddin,1
9304,jagjiwan,1
9329,nayana,0
9339,mangu,1
9356,shabila,0
9366,mohmmd,1
9383,januka,0
9387,hararat,1
9391,anno@,0
9399,pramjeet,1
9404,samadh,1
9415,virpal,1
9416,mukti,0
9426,traun,1
9433,mamuna,0
9434,mahraj,1
9445,jasim,1
9446,padama,0
9448,lad,0
9462,saddham,1
9464,garv,1
9466,farhanaaz,0
9478,mubashir,1
9479,vaijanti,0
9480,meghana,0
9482,bacchu,1
9486,makhan,1
9492,papa,1
9494,anshiya,0
9499,arvinder,0
9504,vibhuti,1
9513,soyab,1
9516,hena,0
9522,masoom,1
9523,rupam,0
9532,sri-dwrikaprasad,1
9537,rithik,1
9543,rajuddin,1
9555,bhud,1
9556,divaraj,1
9557,chotum,1
9563,manbhari,0
9569,naitik,1
9580,dhaneswar,0
9585,sefali,0
9595,chakra,1
9598,gudya,0
9606,sohil,1
9612,santara,0
9620,ramwatar,1
9625,dipendra,1
9636,anja,0
9642,sonal,0
9644,kartika,0
9648,amot,1
9652,lakhe,0
9655,jagdesh,1
9656,laxmikant,1
9657,rumeet,1
9669,arhiyant,1
9670,pawni,0
9671,manwi,0
9683,mukaram,1
9712,kalpesh,1
9721,shulal,1
9736,iqra,0
9752,nirjla,0
9754,ameen,1
9781,shabbo,0
9793,ravinath,1
9794,hanni,1
9795,birpal,1
9806,vandita,0
9810,ameer,1
9818,mukram,1
9837,yunishs,1
9838,vazid,1
9842,sushela,0
9855,rubjaan,0
9860,halkuji,1
9883,parinka,0
9893,nensi,0
9897,ragwender,1
9908,manfool,0
9921,maatwar,1
9931,sachidanand,1
9935,sowar,1
9940,nannu,1
9961,liladevi,0
9963,shanvaj,1
9970,durgpal,1
9977,samadhan,1
9980,kachan,0
9988,mohinuddin,1
10016,ashlam,1
10019,rukhsona,0
10026,mosam,0
10029,jaibhagwan,1
10046,saviha,0
10050,moh.jakir,1
10059,manlisa,0
10060,victor,1
10065,chuni,0
10069,gyanender,1
10077,omperkash,1
10085,rubee,0
10087,penzin,1
10090,shahjadi,0
10095,sukkhu,1
10102,pravin,1
10109,gyanwati,1
10110,fateh,1
10113,yatharth,1
10117,umang,1
10123,bishnu,0
10129,vipendra,1
10135,sahida,0
10146,divansh,1
10153,jamad,1
10155,gulsher,1
10172,salomi,0
10174,iema,0
10176,gaffur,1
10185,vipol,1
10207,ikramudeen,1
10216,imtyaz,1
10220,jabbar,1
10225,husana,0
10227,kalpeshwari,0
10231,shamina,0
10248,lashma,0
10257,awedhesh,1
10258,mhosin,1
10262,oli,1
10275,radikha,0
10278,moral,0
10301,kumarage,0
10302,rabhida,0
10305,kamalkishore,1
10306,mamoita,0
10311,parmodh,1
10314,sarkar,1
10317,bunti,1
10333,shahbuddin,1
10346,pramil,0
10347,benay,1
10348,samsad,0
10354,rameswar,1
10361,hardik,1
10364,kazal,0
10365,sheak,1
10376,san,0
10377,alim,1
10383,ishawar,0
10386,panchuram,1
10392,abhilasha,0
10401,priyansu,1
10405,tolaram,1
10406,faujdar,1
10420,amida,0
10421,noreen,0
10426,garsh,1
10428,buhan,1
10444,sishpal,1
10448,aarifun,0
10458,prashansa,1
10459,swaliya,0
10462,anayatha,0
10472,lada,0
10474,suntia,0
10477,shekher,1
10478,konika,0
10479,banti,1
10486,maushid,1
10487,smt.mamta,0
10493,megharaj,1
10523,haseem,1
10536,rosan,0
10537,ilesh,1
10538,zafar,1
10541,phoolo,1
10548,ashishi,1
10565,fasrun,0
10568,ajmal,0
10572,anandwati,0
10578,vaid,1
10579,kawita,0
10586,nuraish,0
10591,mero,0
10595,ramkanya,0
10597,vashanavi,0
10604,munder,1
10606,riyajudhin,1
10618,lakshy,1
10619,baita,0
10622,nagia,0
10623,angda,1
10629,sandee[,1
10632,ramu@,1
10634,dinkar,1
10637,sharwan,1
10638,gulsida,0
10641,amirul,0
10643,pataso,0
10649,kherul,0
10654,shamsuddin,1
10660,abhilash,1
10668,pramood,1
10675,shanichari,0
10676,dibakar,1
10679,laxmeena,0
10686,mahi,0
10688,ramjani,1
10706,omprkash,1
10709,ismaliye,0
10713,dineesh,1
10723,kedarmal,1
10735,awshin,0
10739,jitan,1
10741,hashim,1
10744,ravishankar,1
10753,jasveen,1
10768,nazrin,0
10771,peer,1
10793,aazad,1
10799,prabhjot,0
10801,jalsingh,1
10807,akhileshwer,1
10809,amrta,0
10810,bhhatu,1
10812,denesh,1
10825,sanjay@ghasu,1
10828,sugandb,0
10831,jeesan,1
10835,tauseek,1
10837,gurbax,1
10842,satnarayan,1
10844,angreg,1
10848,baidnath,1
10851,mahendar,1
10863,daveena,0
10875,kareshan,1
10883,anaji,0
10884,punita,0
10887,halima,0
10893,suja,1
10896,chinku,1
10900,bundel,1
10901,jaichand,1
10909,gangadhar,1
10913,la,1
10915,radhyshyam,1
10920,kunod,1
10923,ishatkar,1
10930,lateef,1
10931,chitrangan,1
10945,dilish,0
10947,prabhudayal,1
10954,juhewuddin,1
10977,ishwari,1
10983,duraga,1
11001,sunpreet,0
11002,rizvana,0
11005,parsnath,1
11025,atitaj,1
11027,ashrfi,1
11028,jameer,1
11030,biitu,1
11036,avid,1
11058,axat,1
11059,dharamender,1
11069,bhorelal,1
11072,kuwarjeet,1
11094,reemi,0
11102,hamsiran,0
11107,kausal,1
11117,neelima,0
11129,hazra,0
11130,chhanoyar,1
11139,mitthu,1
11153,manmath,1
11154,hurji,0
11156,surti,0
11159,rajeet,1
11160,vishvash,1
11169,krashna,0
11170,indal,1
11184,seeriya,0
11188,limca,0
11192,laskshita,0
11207,saweta,0
11213,chom,1
11217,rashab,1
11223,maadhuri,0
11234,arnab,1
11247,rikkenchi,0
11252,ratneshwar,1
11263,himal,1
11264,munsi,1
11275,buddhi,1
11278,shanawaz,1
11280,omjone,1
11289,bodu,1
11290,aanil,1
11291,vishvanath,1
11293,daler,1
11299,muntjar,1
11302,ishita,0
11303,shafibul,1
11306,vasiya,0
11308,monam,0
11313,gangajali,0
11328,subjeet,1
11332,nazani,0
11341,dropti,0
11351,naryani,0
11358,any,0
11359,saaniya,0
11364,purva,0
11369,prableen,0
11373,manender,1
11383,bhojpal,1
11391,madho,1
11394,narander,1
11411,aidtya,1
11421,harinarayan,1
11427,nitam,0
11436,prabhat,1
11440,premature,0
11443,tufel,1
11444,cheddi,1
11446,marium,0
11463,bhajju,1
11464,koilu,0
11477,mnoj,1
11485,rajend,1
11489,tanjima,0
11495,vanish,1
11496,ranpal,1
11498,amarin,0
11500,nemsi,0
11504,nadhim,1
11506,avinas,1
11522,kushmi,0
11523,chhabil,1
11530,monty,1
11536,veshali,0
11548,sadhu,1
11554,shahera,0
11555,prabhash,1
11560,kaleram,1
11567,rasid,1
11574,shankri,0
11578,dolo,0
11579,praful,1
11581,jameela,0
11591,mula,1
11601,tazaudeen,1
11603,vishwanath,1
11629,aoosaf,1
11634,dhirpal,1
11652,shveta,0
11656,sahrik,1
11667,manisa,0
11678,phul,0
11679,shelender,1
11693,mallik,0
11708,manvendra,1
11713,vijayta,0
11715,sanjay@sonu,1
11724,gulesta,0
11727,khimanand,1
11728,smt.prema,0
11730,vashisast,1
11746,papu,0
11755,tool,1
11769,hisamuddin,1
11778,saket,1
11779,nazibuneesha,0
11782,silender,1
11790,ojas,1
11793,shneha,0
11804,sahira,0
11819,poga,0
11831,rahimuddin,1
11835,sukul,1
11844,abrar,1
11846,babram,1
11848,sazya,0
11855,jugan,0
11856,asharani,0
11861,prabhila,0
11863,makrud,1
11883,munnu,1
11908,gyaan,0
11914,p.kamesh,1
11917,panku,0
11921,sajju,1
11922,shahvaj,1
11924,samya,0
11925,muzamiil,1
11928,bhabhav,1
11936,mehar,0
11939,adityalok,1
11954,kmles,1
11969,rajish,1
11995,kosar,0
11996,nasibu,0
12001,pushank,1
12018,kumare,0
12019,budhwanti,0
12033,bagwan,1
12036,ratwari,1
12038,gomati,0
12040,dara,1
12044,munnia,0
12049,pankuj,1
12054,badru,0
12058,balchand,1
12060,midhana,0
12065,farana,0
12070,lakhbir,0
12071,sakchan,1
12078,kushi,0
12083,amratalal,1
12095,sahkir,1
12096,nirutma,0
12099,shaboob,1
12100,fija,0
12110,rubo,0
12129,mansha,0
12131,chotan,1
12133,rahu,1
12144,husnara,0
12147,vimukt,1
12153,akhatari,0
12170,bada,1
12171,jasmina,0
12182,akthari,0
12191,sujata@,0
12200,shusila,0
12201,sai,1
12215,shamrin,0
12242,puja@rakhi,0
12245,hamim,0
12253,sakuntala,0
12265,nathani,1
12266,girishi,1
12283,sundga,0
12288,fazaley,1
12290,meghashayam,1
12294,nanni,1
12301,dilshana,0
12303,moona,0
12306,paramveer,1
12308,naulakh,1
12316,sadab(khura),1
12325,chhabi,0
12331,prabhjeet,1
12332,sompal,1
12336,tosif,1
12337,swaranjeet,0
12339,al0k,1
12341,yasodha,0
12347,fakrudeen,1
12348,akheelesh,1
12364,koslya,0
12366,mata,1
12395,jamaal,1
12403,putulu,0
12407,moshin,1
12408,anuraj,1
12414,rajkarnta,0
12418,smt.meera,0
12428,manoj@monu,1
12434,dhodi,0
12440,karanveer,1
12457,hadisha,0
12467,kajal@,0
12477,jareena,0
12484,ladli,0
12487,shahruf,1
12493,gurlal,1
12503,ntasha,0
12526,aatikun,0
12528,b.,0
12532,varda,0
12534,shifali,0
12537,dalima,0
12547,ibarhim,1
12554,jayshing,1
12556,nabila,0
12559,sansaar,1
12568,manphool,1
12573,rubey,0
12586,kismti,0
12590,redhema,1
12596,rijvan,1
12598,tranoom,0
12610,dund,1
12621,rubal,1
12623,hitlar,1
12627,mahasingh,1
12628,shekiba,0
12648,pphola,1
12662,namra,0
12665,kalap,1
12666,farmeena,0
12667,tisha,0
12680,tamsa,0
12692,ramhetu,1
12701,baksi,1
12703,foranta,0
12704,tinki,0
12732,chintan,1
12736,sri-suraj,1
12748,prasanta,0
12749,zakir,1
12752,vipta,1
12753,subburaiyalu,1
12757,dord,1
12765,aashif,1
12778,kalip,1
12779,keshu,0
12781,jaffar,1
12786,jahagir,1
12800,tulshi,1
12809,parmo,1
12813,supyar,0
12815,narhasi,1
12825,dipanshu,1
12830,meharban,1
12837,sahenaj,0
12839,shabbenour,0
12850,badrunisha,0
12877,ilma,0
12892,dilsah,1
12899,jiyaul,1
12907,rinju,0
12923,sahanaj,0
12927,hardass,1
12928,lucki,1
12936,sarwan,1
12943,killo,0
12948,ramsem,1
12971,arthi,0
12997,shaukat,1
12999,shisupal,1
13000,kailesh,1
13023,priju,1
13024,suryanath,1
13026,mansavi,0
13035,mohm.,1
13038,smarti,0
13041,shail,1
13042,kastoori,0
13044,shahnam,0
13061,pratiksha,0
13063,sagit,0
13074,indira,0
13078,faijal,1
13084,shaturughyan,1
13085,bushra,0
13093,km.soniya,0
13096,rupal,0
13109,karishama,0
13112,sukanya,0
13117,swapanesh,1
13124,risabh,0
13137,shrabani,0
13138,ashad,1
13149,smt.kanta,0
13151,jimmi,1
13152,morki,0
13153,parvesh@pankaj,1
13158,julfi,1
13162,golden,0
13165,nanhey,1
13168,shabanm,0
13170,ilema,0
13179,neeven,1
13193,yesh,1
13198,shanaj,0
13200,meenat,0
13215,ashrabi,0
13220,sarthak,1
13227,dabu,1
13232,kanishakraj,1
13253,bismilla,0
13256,saru,0
13259,peena,0
13263,nwed,1
13267,fareena,0
13274,amkit,1
13275,tiwnkal,0
13278,rajkumarm,1
13279,jagdeesh,1
13283,similata,0
13285,varisha,0
13291,masum,0
13293,arnabjit,1
13305,repu,1
13308,brajendra,1
13315,sugandha,0
13317,kaushik,1
13334,supriyal,1
13338,kitti,0
13354,ijhar,1
13356,fazulla,1
13358,palvi,0
13361,mahbir,1
13365,anokha,1
13368,manjar,1
13370,hritik,1
13378,chhabeel,1
13386,radheyshyam,1
13408,tapsya,0
13414,km-,0
13422,groti,0
13431,shib,1
13436,ravindera,1
13438,bhagwanaram,1
13441,jhunnu,0
13449,ishmita,0
13464,saifali,0
13466,ganpati,1
13473,rajvir,1
13474,rashimi,0
13489,chandi,1
13511,yoginder,1
13514,suhagini,0
13533,nischaya,1
13534,ragni,0
13552,j,1
13559,anno,0
13561,bhabhiya,0
13565,fool,0
13580,brijlal,1
13589,busness,1
13605,etahsaam,1
13610,smariti,0
13616,adrash,1
13617,sanjoh,0
13618,tasveeran,0
13619,ragib,1
13621,allabaksh,1
13629,ravindar,1
13631,hiten,1
13641,sumirta,0
13645,nimahe,1
13651,kaarti,0
13652,allaraji,1
13667,sarvjeet,1
13669,smt.nisha,0
13671,alis,0
13679,monini,0
13685,kantil,1
13689,nayaka,0
13691,shashid,1
13695,devasheeh,1
13699,darkash,0
13704,lovly,1
13710,ikrar,1
13713,wali,1
13721,bitoo,0
13729,kingkar,1
13759,ragina,0
13762,begumpur,0
13777,nittin,1
13785,tulsa,0
13797,amiri,1
13800,peentu,1
13807,amie,0
13808,trilock,1
13810,razim,1
13811,aasa,0
13814,prkesh,1
13826,bhatri,0
13828,boduram,1
13836,vijayanta,0
13840,shampa,0
13841,saviti,0
13846,jamadar,1
13848,sabreen@,0
13852,nannu@jaypal,1
13867,sayada,0
13875,narmada,0
13880,kashiram,1
13883,geesa,1
13886,adhish,1
13887,venkatswaran,1
13893,bijali,0
13897,vandhana,0
13906,shur,1
13909,indraj,1
13911,raunaf,0
13918,taki,0
13919,aanik,0
13923,hetal,0
13929,patav,1
13945,shakeena,0
13976,multan,1
13992,subin,1
13994,balveer,1
14003,mod-,1
14022,ramulu,1
14029,pandit,1
14030,bhuralal,1
14031,udaiveer,1
14047,annielal,0
14069,chhano,0
14074,fauina,0
14080,rajlaxmi,0
14086,jarif,1
14095,sahgufta,0
14100,harji,1
14105,shrikant,1
14108,guddiya@guddi,0
14112,laxita,0
14126,nithyanandham,1
14129,safia,0
14140,fulo,0
14152,harib,1
14175,vickey,1
14179,salin,1
14198,bhadur,1
14205,dharmshila,0
14210,arifa,0
14240,shrotam,1
14244,rupinder,1
14259,parshu,1
14272,bachcha,1
14276,sakiran,0
14278,rambabu,1
14282,shaila,0
14290,gamer,1
14297,phoolwanti,0
14310,manka,0
14324,ramender,1
14327,araddhna,0
14328,jaiguna,0
14354,jockyipai,1
14359,ramvihar,1
14372,kajal@sundri,0
14376,vasu,0
14385,sakeena,0
14394,jina,0
14402,gytri,0
14404,shahib,1
14409,lta,0
14411,vidhavati,0
14415,mustikeem,1
14423,nitasha,0
14440,javuneesha,0
14447,dhurav,1
14453,sujanti,0
14454,kabal,1
14469,khalidur,1
14474,shaurabh,1
14485,parathvi,1
14503,premwati@radha,0
14505,nazima,0
14512,ayube,1
14521,shyad,1
14526,basnti,0
14532,begam,0
14537,alina,0
14542,hailena,0
14545,ajaj,1
14552,shivyalam,1
14558,labbhi,0
14564,pramjot,1
14567,saidas,1
14568,dhurve,1
14584,parvashi,0
14594,gs-1957975,1
14601,deen,1
14610,shivlal,1
14631,deepan,1
14632,najre,1
14650,pushpendr,1
14653,sukar,1
14660,nirmaljeet,1
14662,punni,0
14664,sarsawati,0
14671,nekki,0
14680,asruddin,1
14685,munne,1
14686,muksndi,1
14696,"soniya,",0
14705,paka,0
14712,ajad,1
14720,prittam,1
14723,ramila,0
14727,satrughan,1
14732,najarana,0
14741,sanno,0
14743,mursida,0
14751,kumail,1
14753,ruplal,1
14788,gulnaaz,0
14791,shubankar,1
14793,firakat,1
14797,samiksha,0
14808,kokil,1
14818,binder,1
14824,sehrunisa,0
14829,amjat,1
14831,nasira,0
14834,arshla,0
